305344
387418
2439493
1664010
2118461
1461435
1639792
1314869
2606799
1932594
2056022
1114324
752642
491531
1663888
727242
1403217
1473980
798296
716173
1852040
507603
1001129
1792741
2625420
2457095
303948
2147527
2143500
16272
1806515
1299887
2238060
1061195
57633
1037245
322009
1710658
1927580
2237185
682963
1673185
794999
2291306
1977959
1784150
525356
1300759
786312
1110156
1227322
636262
1298511
2083367
530789
2062350
1935793
1028463
789014
1105029
504620
2537543
184705
1602153
1902838
3321
2256485
2040859
1612901
952156
1876520
1272379
2061495
1707198
818752
319058
2315012
1470123
1519378
862596
722591
595778
647979
2460347
1819462
2102030
555528
2176465
447759
238740
341649
2602249
1903324
2150746
769702
147386
1984086
1563935
402266
1984315
71594
1516350
2297136
1509395
1029163
1166912
235789
74441
2327743
789969
2485642
1205174
397212
1233297
1559083
1033930
1146000
394895
2584676
1431356
2157060
2248080
507094
1452127
743633
1777406
638020
2255880
2634967
2220732
1557557
2119007
121182
316155
411290
844028
1139570
873713
1268699
958687
2225743
684876
166041
716874
929308
825353
2514777
603277
908205
1257336
1532336
1317671
2035299
2284890
2604976
2541385
2375962
49890
2519299
1370564
864172
178860
1001928
230112
1556831
2260832
306569
1978089
159159
518137
386947
199257
1301819
2534061
2089599
1494683
883478
1988735
188613
1986034
2554745
2299661
2588510
1374197
2266083
1515355
732363
237263
411705
2438449
461075
629389
2538506
78404
2320697
1107588
2475820
2450433
901520
2018894
952063
1184498
608234
655385
2329026
684531
1757328
1875549
1771252
2488357
691808
1002509
157667
320314
2626336
1872980
2155681
1934002
1661344
503235
1026933
1038880
663118
1567202
1220170
2099446
1567970
438340
981753
1907667
1830000
2268573
1092521
243612
2389367
101807
1190829
1333
307427
1086481
1116080
2207031
620010
524142
837133
2479320
923631
1117152
1627955
835265
1737149
642384
329958
75976
1816884
825819
574834
1309838
1380915
221926
11043
594196
2194079
1045879
1582952
2147714
1569593
1949871
21823
2218735
2552319
1030857
2217731
1745107
1945809
2433610
2430041
1913414
2499884
2484944
2256731
1818059
2029979
893014
1616870
1179117
2070798
2360906
1037705
576990
1072312
2464081
1480900
1704223
2404142
2171187
1629440
651230
2588755
1660348
998236
462171
1224299
1999176
76196
1995860
1528604
10268
1561134
414536
2127108
1933317
1545709
383451
2429294
1420308
356615
408457
407037
325073
2494753
2282041
1865249
2535052
302344
57186
429260
2600558
1238184
2041854
1357209
1640334
753107
1684232
578191
1643146
601317
1123175
775020
504440
1123618
199435
2124351
830370
340479
1189269
1334853
2254751
1998055
364749
754161
332698
1284016
589682
670488
831103
1762695
1684416
240923
122197
1645904
257622
549534
1744889
1143750
1859573
2520506
575714
277837
1979820
66109
1282217
860520
2566515
400440
2203225
2398923
1310425
1042938
285174
752853
1495111
2523426
2339135
2232563
272840
2185614
1279360
2291170
10374
1452669
1257454
2645579
349572
624388
823802
16273
111033
327122
97893
2463759
467182
2043784
1675680
1072585
490057
1156852
1181550
929407
151821
2226510
71743
595870
1548363
1223912
74320
53694
170248
717542
1229628
2019240
954742
491513
922551
1484157
877394
2029858
110938
998502
380505
2101288
1490538
399971
155342
946380
165247
1007577
1829748
2538567
1558286
686510
151004
1650301
1957786
326356
785992
2366462
200255
1800701
2446249
1662714
1287892
2630337
499257
27061
12812
206893
706832
125296
962019
1106241
826696
1887657
1785209
768876
620741
1741099
2385435
1420020
2401585
2550506
478176
2535512
2511278
1255703
2354740
832780
1788346
2417531
2251582
452667
1878798
2209351
2299951
1147641
361886
835353
1398256
428688
2012897
310887
187896
2049734
2250323
1519692
2509048
241634
1583631
2328511
753231
240748
968184
461110
1456579
603543
1563698
2376301
1988192
371701
1575462
1385788
879760
2166018
290916
10679
2226525
685565
1573228
2495584
1720861
1114342
764785
1559022
1274035
1430108
779811
1399249
2442646
1421913
485601
983069
759737
2136927
1777614
1867238
320856
2290732
492291
2519865
232877
2545730
2394024
1813197
1351421
17864
230265
2260788
974174
136477
817339
1194911
1087944
1823645
1625122
2005241
2244849
992021
2153721
522180
2023883
651541
1727232
1814516
2541025
1663694
942523
2406705
2526414
1526365
1480571
1615850
182203
1044050
2237988
1174530
828349
659526
723448
1177340
1919269
2349412
701443
515436
974823
455024
1073300
2393478
1458854
1559165
1397843
2205594
953110
138835
2350588
1002943
758383
97578
2035595
282654
1275094
2409465
224795
567705
170551
48607
49585
2450942
2174151
491331
374741
2536547
2102846
1480781
1769985
1173289
612111
2100574
476695
1489224
107776
1820960
1054564
885386
2198123
1060057
2289197
872408
702403
525071
1184537
411512
1741303
1629801
1033433
973313
1119113
334643
2024111
965104
760481
1413367
828444
1115451
596995
1174811
342510
111086
437586
282887
2584980
1821474
2495474
1428930
524295
1877483
1242044
1112365
2640550
1109043
890573
1952860
1435891
165374
1181558
286684
416560
1486829
2161899
867311
980292
2387463
2375169
2540684
2110645
1134379
2601377
1294425
128389
655601
108936
1034831
2069442
1510091
826184
2551641
1848938
922922
2232041
306466
1057992
91234
275600
2588416
2110107
1827859
200805
1578801
2043555
472734
1200256
774602
2503887
1520166
953604
2398061
279966
748141
1672832
2636478
922812
189887
256676
819314
683254
956229
780768
2584252
1110164
924960
1935592
2366006
128311
248904
1424487
1383836
923517
1706873
864647
2365581
1610234
200427
43751
1662098
431326
1130133
1832073
2037693
1605580
1310250
2023518
265257
2531844
403915
1782185
1815129
1733406
720503
1771365
46650
1565175
1596469
1392942
1611056
2536114
551208
701962
2278766
862040
219888
1337026
377937
504211
1599243
1296679
2599262
1207990
1312661
1297347
2345098
1812378
2033070
55339
1880039
2257189
427186
554137
3998
835847
2637886
2144655
1719610
2126215
826270
1251664
2356870
517441
194528
1828803
452299
441361
1178846
70476
2513621
247794
1327900
1065445
637266
510834
1854658
1488844
2059696
952582
2607300
2141105
2640760
1253619
940516
920932
981199
1132940
1226844
408645
2491620
1365840
2394704
1130380
2455281
290700
1800459
1538355
1446775
1726438
1348456
904391
1087416
1939431
1172980
250509
1847613
309424
2107068
1099833
2549238
1092677
2388205
1932377
567875
2554035
670416
2372141
1103080
1696308
596255
515441
1167767
1416836
1105686
635056
236160
1197493
1459727
962151
2457720
1951144
1533807
2152273
287566
2524669
1728944
2518947
2640278
778615
580231
572481
507921
325844
388514
1329904
318409
1955660
1150705
1393159
2472640
700490
432259
2030523
1210199
2312349
1444777
1642678
2465236
1299355
317779
2556305
1449358
1191408
1276711
1486956
154669
828344
1914525
1201695
242681
2103029
1181609
2509588
2295594
2145441
1232251
360005
1313126
1984978
348960
1906611
686204
511899
1018379
689488
152858
1899913
936093
442963
1436780
1783225
347276
892694
1197233
2598028
1275275
366233
935732
2205259
2043149
407877
1232164
2133714
608538
2378918
328212
2600868
1635582
2316337
1109700
2040853
847313
315168
2455340
227799
1120091
2136526
1790158
2264426
349331
2125368
401047
184888
1801528
1161725
2332765
109177
2120912
1409104
511883
716091
1039555
894205
1280761
2086265
1992205
2039272
1743756
2198070
2152465
2120864
2243435
2118885
262411
5980
1488926
652618
168523
1047830
43530
332300
2598647
1009622
2077046
545026
1439882
391521
827240
2621201
1758002
2000256
838130
2552315
2021377
486798
197101
844049
581952
1268483
2286189
151153
2513873
1477153
1814136
1293514
1841531
2621962