5317, 232944, 3.36
15124, 216596, 3.72
14313, 200832, 3.78
15205, 196397, 3.44
1905, 193941, 4.15
6287, 193295, 3.91
11283, 181508, 4.3
16377, 181426, 4.31
16242, 178068, 3.45
12470, 177556, 3.41
15582, 176539, 3.54
9340, 173596, 3.4
6972, 171991, 3.58
12317, 164792, 3.77
2152, 162597, 3.43
3860, 160454, 3.43
15107, 160326, 3.89
6037, 158601, 3.97
4432, 156183, 3.76
5496, 155714, 3.72
571, 154832, 3.96
14538, 154640, 3.55
14367, 154348, 3.53
3938, 153996, 4.14
12232, 152406, 3.37
7624, 152085, 3.83
11064, 152078, 4.09
4996, 151847, 3.48
4306, 151292, 4.33
11521, 151245, 4.46
7234, 151031, 3.81
13728, 150592, 4.2
2452, 149866, 4.43
6386, 148146, 3.21
12911, 147661, 3.64
13050, 147313, 3.36
8782, 147251, 3.28
13081, 147236, 3.62
17169, 145540, 3.81
1962, 145519, 3.75
16954, 144320, 4.33
6206, 143697, 3.75
12582, 143682, 3.86
16879, 143668, 3.71
7617, 141442, 3.7
8644, 141073, 3.79
3962, 140979, 4.42
14691, 140763, 4.23
14454, 140564, 3.76
1145, 140154, 3.18
14550, 139660, 4.59
3624, 139428, 3.95
12672, 139247, 3.63
11677, 139158, 3.35
16384, 138193, 4.08
2372, 137170, 3.91
17355, 136919, 3.58
3427, 136850, 3.33
12155, 136461, 3.91
2782, 135601, 4.29
12918, 135449, 3.79
3106, 135431, 3.65
13651, 135013, 3.71
14240, 134284, 4.55
1220, 134241, 4.01
10947, 133457, 4.31
9756, 132358, 3.29
6134, 132237, 3.68
14410, 132142, 3.87
17157, 131175, 4.3
4656, 130782, 3.81
11089, 130243, 4.28
14621, 128493, 4.34
2862, 128446, 4.31
5862, 127318, 3.85
14712, 127073, 3.22
6971, 126816, 4.07
11149, 125878, 3.15
6692, 125479, 3.38
17088, 124158, 3.79
5401, 122795, 3.37
4640, 122158, 4.13
4123, 121769, 3.45
12161, 121761, 3.69
5926, 121669, 4.03
1307, 121207, 3.31
8904, 120697, 4.16
16668, 119812, 4.02
14149, 119653, 3.77
13462, 118884, 3.36
8387, 118880, 3.59
30, 118413, 3.76
10042, 118212, 4.5
16882, 117314, 3.14
3282, 117270, 3.43
11337, 116767, 3.74
457, 116762, 3.87
6844, 116716, 3.25
10583, 116609, 3.55
3151, 116362, 3.4
14103, 115990, 4.19
10550, 115585, 3.72
1542, 114997, 3.76
4745, 114327, 3.21
15755, 114043, 3.89
14312, 113838, 3.83
13359, 113717, 3.59
1428, 113674, 3.54
1798, 113377, 3.97
5085, 113084, 3.97
10168, 111946, 3.04
11443, 111411, 4.05
14574, 110438, 3.46
17308, 110363, 3.53
1865, 110159, 3.7
10358, 109917, 3.18
17324, 109610, 3.88
9471, 109385, 3.69
1180, 108771, 3.97
886, 108606, 4.19
9960, 108528, 4.02
12966, 108354, 3.54
6974, 108343, 4.37
2913, 107443, 3.99
11077, 107345, 3.6
10359, 107111, 3.29
11314, 107094, 3.53
7635, 107083, 2.93
3925, 106807, 3.51
12293, 106327, 4.5
4577, 106291, 3.86
16139, 106285, 3.57
17627, 106238, 4.09
15393, 106211, 3.49
4356, 106020, 3.67
11182, 105861, 3.55
2122, 105697, 3.69
16082, 105518, 3.56
14644, 105045, 2.8
12299, 104800, 3.65
3825, 104632, 3.45
758, 104362, 3.51
17560, 104031, 3.84
5054, 103652, 3.53
11781, 103431, 4.15
11022, 103105, 3.59
15471, 103074, 3.1
11812, 102861, 4.16
4951, 102754, 3.74
15062, 102576, 3.8
16765, 102031, 3.6
11040, 101779, 3.96
6859, 101500, 3.51
2391, 101188, 3.3
12870, 101141, 4.46
4472, 101118, 3.69
12084, 101042, 3.35
12732, 100556, 3.68
9617, 100340, 3.52
6042, 100298, 3.04
607, 100248, 3.54
6475, 100112, 3.56
10730, 99910, 3.36
313, 99812, 3.69
15887, 99686, 3.27
13763, 99460, 3.8
8596, 99324, 4.13
12785, 99304, 3.89
15563, 99009, 3.42
14660, 98765, 3.38
191, 98720, 3.93
1110, 98700, 4.07
1470, 98696, 3.78
7745, 98116, 4.08
15788, 98002, 3.45
3917, 97939, 3.69
4972, 97491, 3.37
14999, 97165, 3.56
5939, 97112, 3.48
6196, 96778, 3.96
5181, 96602, 3.58
6797, 95472, 4.05
14928, 95335, 4.03
15844, 95095, 4.09
12338, 94041, 4.19
7281, 93391, 3.32
3756, 93241, 3.06
16128, 93202, 3.97
9592, 92691, 3.87
8687, 92671, 3.55
10378, 92555, 3.7
5582, 92470, 4.54
11607, 92345, 4.31
15394, 92294, 3.69
8764, 91369, 3.86
12343, 90675, 3.53
4043, 90591, 3.5
17154, 90472, 3.94
175, 90450, 4.0
5732, 90408, 4.28
4345, 90387, 3.78
13614, 90320, 4.08
10170, 90245, 3.49
483, 90010, 3.45
985, 89999, 3.63
11490, 89911, 3.73
9728, 89892, 3.89
2342, 89865, 3.86
8393, 89799, 3.76
16452, 89784, 3.89
3333, 89714, 3.26
16272, 89654, 3.9
5293, 89348, 3.94
5345, 89080, 3.58
9628, 88846, 4.46
13102, 88733, 3.23
7193, 88687, 4.3
6931, 88310, 3.31
14725, 88183, 3.45
14382, 88120, 3.8
11837, 88067, 3.25
7331, 87939, 3.28
13923, 87658, 3.75
2112, 87622, 3.52
2095, 87389, 3.56
2612, 87139, 3.41
8327, 87056, 4.28
6829, 86619, 3.62
15646, 85716, 3.28
10123, 85669, 3.26
6029, 85299, 4.12
16265, 85184, 4.5
4266, 85050, 3.75
17149, 84794, 3.39
14358, 84651, 4.17
6099, 84590, 3.98
2874, 83849, 3.55
3638, 83680, 3.53
13402, 83564, 3.88
15156, 83437, 3.65
6274, 83249, 4.09
6408, 82949, 3.85
8181, 82906, 3.26
8743, 82849, 3.85
16707, 82444, 3.7
14590, 82374, 3.67
12435, 81930, 3.88
16640, 81881, 2.99
10375, 81596, 3.57
15425, 81316, 3.76
798, 81278, 3.89
197, 81260, 3.48
7233, 81219, 4.17
12034, 81127, 4.06
10774, 81100, 3.89
10820, 80941, 4.12
5807, 80836, 3.55
8636, 80519, 3.27
16339, 80349, 3.31
6497, 80345, 3.23
2660, 80295, 4.03
15922, 80207, 3.95
2580, 80136, 3.55
7767, 80122, 3.91
9645, 79918, 3.36
13195, 79889, 3.7
1144, 79845, 3.96
16438, 79741, 3.7
6329, 79630, 3.76
12494, 79557, 3.52
5614, 79325, 3.78
9188, 79062, 3.24
2200, 78980, 3.02
13391, 78944, 3.68
1202, 78878, 3.77
9051, 78795, 3.86
4590, 78719, 3.34
5318, 78584, 3.6
12047, 78304, 3.35
3368, 78213, 3.53
6720, 77597, 3.86
357, 77314, 3.51
6350, 77021, 3.64
299, 76944, 3.71
7240, 76705, 3.34
5571, 76698, 3.77
14670, 76601, 3.71
14482, 76475, 3.78
14718, 76453, 3.28
5112, 75824, 3.51
5472, 75801, 3.54
10451, 75242, 3.74
3610, 75148, 3.81
3371, 75140, 3.91
7057, 74912, 4.7
3605, 74829, 4.17
9111, 74779, 3.87
5814, 74466, 2.99
1406, 74076, 3.41
7509, 73852, 3.39
3320, 73795, 3.59
7511, 73645, 3.64
7230, 73422, 4.72
12074, 73353, 4.05
1102, 73337, 3.57
14961, 73335, 4.72
17479, 73266, 3.53
7364, 73029, 3.82
1744, 73004, 3.82
9254, 72884, 4.01
8915, 72833, 4.0
17441, 72543, 3.67
708, 72381, 3.39
6510, 72379, 3.94
16922, 71951, 3.5
9049, 71639, 3.62
3290, 71614, 4.4
10906, 71555, 3.5
11265, 71441, 3.57
9886, 71143, 3.6
17339, 70959, 4.11
4545, 70799, 3.94
14215, 70712, 2.86
14050, 70467, 4.07
10928, 70452, 3.37
15048, 70370, 3.52
11152, 70341, 4.19
14780, 70269, 3.66
14109, 70176, 3.61
14909, 69665, 3.53
6030, 69249, 3.86
7937, 69056, 3.79
5924, 68818, 3.85
7397, 68615, 3.67
17129, 68419, 3.61
15472, 67967, 3.73
15058, 67860, 3.63
7904, 67795, 2.9
3079, 67575, 4.2
12605, 67311, 4.06
16286, 67177, 3.63
16343, 66577, 3.35
9882, 66395, 3.83
329, 66266, 3.59
15151, 65948, 3.53
9205, 65933, 3.32
15116, 65884, 4.0
2800, 65700, 3.48
5695, 65630, 3.14
312, 65477, 3.71
1754, 65363, 3.99
5628, 65317, 3.16
5226, 65185, 3.76
13255, 65074, 4.01
17764, 64957, 3.87
10607, 64917, 4.01
14667, 64742, 3.81
11279, 64590, 3.73
6428, 64555, 4.29
11173, 64281, 3.38
9426, 64175, 3.99
14869, 64161, 3.97
9818, 64065, 3.94
16390, 63731, 3.37
5154, 63666, 3.41
6205, 63307, 4.1
10225, 63219, 3.83
4330, 63042, 3.64
7032, 62963, 3.35
12881, 62955, 3.37
11398, 62906, 3.81
1799, 62809, 3.66
3254, 62628, 2.98
9189, 62604, 3.89
8846, 62547, 3.58
3905, 62457, 3.62
7399, 62296, 3.57
8832, 61758, 4.02
6555, 61695, 3.26
13582, 61694, 3.54
13705, 61575, 3.6
10625, 61447, 3.36
8079, 61353, 3.71
6615, 61274, 3.86
13748, 61249, 3.47
2186, 61174, 3.72
5762, 61093, 3.84
16792, 61087, 3.63
6347, 61059, 2.99
13580, 61039, 3.82
1561, 61019, 3.48
13302, 60889, 4.0
13052, 60861, 3.84
2743, 60787, 4.12
16740, 60612, 3.41
9768, 60544, 3.51
3538, 60471, 3.69
10785, 60425, 3.62
468, 60415, 3.52
6833, 59968, 3.77
1073, 59518, 4.07
15764, 59352, 2.91
17622, 59296, 3.09
1615, 59137, 3.81
17215, 59078, 3.84
13593, 59047, 4.18
10832, 58837, 3.94
16113, 58832, 3.23
4670, 58624, 2.86
15758, 58576, 4.07
7155, 58567, 3.72
17405, 58563, 3.52
4705, 58536, 3.51
788, 58527, 3.76
1719, 58364, 3.08
13636, 58272, 3.92
3433, 58149, 3.39
12244, 58059, 3.11
5515, 57954, 4.12
6739, 57941, 4.24
4698, 57766, 3.34
11165, 57445, 3.8
14940, 57428, 3.46
17328, 57423, 4.12
9800, 57375, 3.25
8840, 57033, 3.96
1810, 56918, 3.7
16793, 56893, 3.92
482, 56504, 3.79
5787, 56451, 3.94
4315, 56213, 3.47
6482, 56160, 3.36
5991, 56147, 3.6
5788, 56102, 4.02
9828, 56004, 3.86
6464, 55964, 3.4
1975, 55740, 2.86
12355, 55610, 2.96
4302, 55605, 3.85
14185, 55444, 4.15
17387, 55443, 3.42
6760, 55428, 3.3
16872, 55322, 4.07
4883, 54974, 3.28
3864, 54922, 4.24
11663, 54845, 3.49
7040, 54797, 3.28
12305, 54794, 3.79
2470, 54617, 3.57
5775, 54444, 3.77
7416, 54347, 4.13
2465, 54193, 3.87
11198, 54144, 3.79
7971, 54124, 3.29
12476, 53993, 3.46
17330, 53937, 3.44
16969, 53892, 3.93
9591, 53799, 3.51
8954, 53786, 3.77
13082, 53759, 3.97
17431, 53365, 3.89
5239, 53163, 3.72
14856, 53163, 3.78
13471, 52957, 3.41
5169, 52939, 3.82
5793, 52848, 3.56
1650, 52470, 3.49
4227, 52388, 3.67
3385, 52315, 3.33
14606, 52175, 3.04
16604, 52160, 3.96
11209, 52125, 3.72
4056, 52025, 2.99
2617, 51948, 3.08
15702, 51915, 3.9
8376, 51871, 3.41
2290, 51856, 4.18
12690, 51736, 3.8
3782, 51622, 3.36
11888, 51611, 3.79
10275, 51483, 3.58
16522, 51459, 3.61
4661, 51392, 3.25
15919, 51344, 3.37
13673, 51306, 4.35
9442, 51262, 3.56
14527, 51228, 3.45
6994, 51091, 3.57
7627, 51048, 2.95
6631, 50982, 3.08
6552, 50975, 3.13
15233, 50870, 3.21
13392, 50850, 3.82
8159, 50665, 3.72
6366, 50638, 3.53
11315, 50411, 3.77
2699, 50353, 3.44
10921, 50321, 3.08
14047, 50244, 3.54
2209, 50202, 3.75
2462, 50196, 3.69
3713, 49969, 3.63
12778, 49835, 3.7
4847, 49636, 4.06
12090, 49565, 3.43
7590, 49456, 3.72
13622, 49419, 3.86
6860, 49116, 3.78
14274, 49038, 3.03
16901, 49009, 3.27
15818, 48940, 3.67
4262, 48877, 3.55
9939, 48775, 3.43
406, 48617, 3.76
16565, 48577, 3.43
2430, 48496, 4.11
12500, 48419, 3.69
17295, 48415, 3.26
7330, 48260, 3.76
1703, 48190, 3.83
4683, 48149, 3.28
14890, 48112, 3.25
1843, 48004, 3.22
10078, 47904, 3.22
2953, 47811, 3.66
290, 47651, 3.58
8379, 47639, 3.77
15105, 47601, 3.62
9685, 47504, 3.24
331, 47167, 3.62
17482, 47152, 3.63
14953, 47080, 3.76
17508, 47078, 3.79
13298, 47077, 3.39
16948, 47055, 3.21
15345, 47048, 2.95
3463, 46978, 3.74
16415, 46697, 3.72
5327, 46673, 3.62
14545, 46584, 3.52
6449, 46533, 3.38
12493, 46509, 3.68
14218, 46239, 3.87
4216, 46150, 3.22
14280, 45963, 4.12
13439, 45883, 3.81
7521, 45843, 3.18
7928, 45682, 3.94
4141, 45636, 3.54
1324, 45620, 4.04
7219, 45456, 4.03
13412, 45166, 3.88
10158, 45142, 3.59
2128, 45069, 3.9
15952, 45039, 3.39
7513, 44941, 3.84
17189, 44916, 3.89
10436, 44885, 3.4
16357, 44880, 3.47
16063, 44877, 3.91
5363, 44761, 3.37
14484, 44489, 3.47
13887, 44482, 3.71
14618, 44434, 3.52
12052, 44384, 3.95
2992, 44295, 3.65
15070, 44240, 4.16
16469, 44239, 3.41
6989, 44183, 3.33
14209, 44178, 3.57
16147, 44178, 4.43
16223, 44171, 4.05
658, 44001, 3.63
8016, 43979, 2.88
8317, 43748, 3.76
11323, 43744, 3.33
15409, 43710, 3.43
5538, 43630, 3.92
1625, 43518, 4.14
17031, 43471, 3.17
17174, 43454, 3.88
13524, 43427, 3.37
3418, 43421, 3.27
8107, 43381, 3.85
7828, 43354, 3.5
6450, 43325, 4.1
241, 43122, 4.16
15084, 43111, 3.56
16703, 43104, 3.57
14198, 43019, 4.03
17709, 42942, 3.86
1590, 42933, 3.93
14296, 42885, 3.79
7779, 42875, 3.71
4697, 42872, 3.96
2395, 42843, 3.46
6231, 42773, 3.44
12501, 42743, 3.87
3138, 42727, 3.55
8806, 42691, 4.03
8467, 42633, 3.4
3684, 42540, 3.85
16380, 42495, 3.27
7067, 42457, 2.89
7786, 42307, 3.97
3966, 42223, 3.66
16406, 42116, 3.58
1267, 42113, 3.12
5561, 42100, 4.14
1659, 42046, 3.68
15063, 41968, 3.28
4633, 41850, 4.15
10429, 41780, 3.43
13129, 41754, 4.17
2578, 41703, 3.73
4931, 41679, 2.81
9863, 41664, 3.14
5069, 41595, 3.74
10212, 41544, 3.67
8333, 41485, 2.99
2009, 41437, 3.38
14364, 41401, 3.49
1466, 41355, 3.74
11745, 41346, 3.27
12056, 41166, 3.47
4727, 41128, 4.14
12473, 41061, 3.93
4402, 41028, 3.35
5223, 40950, 3.51
1571, 40841, 3.83
12140, 40829, 3.73
13534, 40776, 3.69
3936, 40767, 3.05
1046, 40744, 3.37
16605, 40724, 3.94
8295, 40704, 3.73
14302, 40581, 4.46
16499, 40461, 3.89
12280, 40411, 3.8
15339, 40364, 3.47
16552, 40295, 3.66
9170, 40251, 3.47
4256, 40201, 3.65
3730, 40191, 3.95
1509, 40153, 3.55
2922, 40024, 3.7
8413, 39983, 3.43
334, 39875, 3.56
3648, 39858, 3.64
8334, 39764, 3.65
28, 39752, 3.82
2178, 39722, 3.94
12828, 39688, 3.42
11164, 39515, 4.24
14042, 39508, 3.34
15381, 39427, 3.81
16721, 39355, 3.78
14960, 39257, 3.43
8981, 39220, 3.13
13318, 39215, 3.18
1255, 39037, 3.91
9054, 39031, 3.39
17621, 39002, 3.49
7586, 38778, 4.12
705, 38680, 3.64
4393, 38659, 3.4
8851, 38628, 3.81
12675, 38615, 3.78
6445, 38613, 4.12
5760, 38571, 4.44
13273, 38518, 3.72
3798, 38514, 4.16
16465, 38402, 3.53
12092, 38392, 2.83
16912, 38386, 3.52
1642, 38378, 4.03
143, 38362, 3.85
4914, 38289, 3.13
9481, 38279, 3.69
12799, 38225, 3.48
11139, 38198, 3.43
16236, 38137, 3.51
17506, 38115, 3.14
2000, 38056, 3.68
16984, 37995, 3.23
12497, 37921, 3.39
10379, 37896, 3.59
13384, 37884, 3.71
10027, 37880, 3.83
12890, 37825, 3.59
13015, 37821, 3.91
10344, 37819, 3.41
16825, 37793, 3.66
15296, 37514, 4.51
14584, 37492, 3.82
17580, 37408, 3.0
8301, 37367, 3.14
6117, 37361, 3.99
963, 37310, 3.89
8989, 37267, 3.56
2594, 37066, 3.15
12238, 37015, 3.14
11701, 36991, 3.7
6902, 36855, 3.74
11696, 36824, 3.54
13959, 36790, 3.71
9593, 36775, 3.81
3650, 36741, 3.81
5601, 36600, 3.86
5997, 36526, 3.67
8809, 36519, 3.44
443, 36515, 3.97
6166, 36490, 3.96
15853, 36484, 3.45
270, 36431, 4.29
16075, 36342, 3.77
3148, 36263, 3.47
7879, 36258, 3.59
9415, 36238, 3.38
9378, 36237, 3.89
6235, 36054, 3.82
2499, 36030, 3.05
13795, 36021, 3.53
8651, 35955, 3.39
15715, 35873, 3.52
13217, 35852, 3.58
361, 35849, 3.64
4829, 35846, 3.75
8045, 35750, 3.67
13981, 35747, 3.48
9689, 35713, 3.97
7249, 35694, 2.86
2960, 35686, 2.74
16262, 35662, 3.46
5320, 35643, 3.29
6874, 35538, 3.44
1174, 35537, 3.96
199, 35509, 3.89
8585, 35505, 3.65
3579, 35457, 3.32
4805, 35416, 3.85
11859, 35367, 3.77
4833, 35349, 3.15
5055, 35335, 3.51
7523, 35230, 3.85
5056, 35183, 3.23
3446, 35127, 4.17
9528, 35109, 4.17
4369, 35095, 3.29
4977, 35088, 3.57
8116, 35062, 4.47
1305, 35026, 3.35
6716, 34997, 3.42
1066, 34941, 3.76
2457, 34898, 3.63
16201, 34846, 3.82
6702, 34810, 3.57
15209, 34797, 3.9
11999, 34618, 3.22
7430, 34591, 4.33
15902, 34484, 4.01
16997, 34420, 3.39
11047, 34304, 3.6
11013, 34205, 3.04
16008, 34199, 3.83
5434, 34079, 3.0
13074, 34013, 3.51
17134, 33920, 3.24
5360, 33906, 3.99
12071, 33900, 3.71
16711, 33880, 4.41
15953, 33823, 3.47
550, 33797, 3.46
12471, 33791, 3.35
16169, 33757, 3.07
17692, 33752, 3.04
4506, 33731, 3.92
12184, 33727, 4.33
4159, 33723, 3.36
2171, 33708, 3.75
16181, 33658, 3.32
8531, 33599, 3.96
7882, 33518, 3.3
5477, 33401, 3.26
10241, 33382, 3.46
4135, 33354, 3.87
14459, 33304, 3.58
4906, 33227, 3.4
4488, 33175, 3.55
11771, 33097, 3.07
11573, 33056, 4.16
10759, 33041, 2.6
15531, 32981, 3.65
13493, 32971, 3.95
9265, 32960, 3.44
17474, 32952, 4.1
3315, 32866, 4.03
1289, 32832, 2.76
692, 32828, 3.51
17526, 32781, 3.97
1832, 32769, 3.6
15540, 32696, 3.43
8881, 32685, 3.39
17703, 32676, 2.79
16596, 32666, 3.77
15436, 32659, 3.71
12399, 32644, 3.55
16016, 32546, 3.2
10152, 32533, 3.79
15815, 32508, 3.3
15342, 32489, 3.48
6060, 32479, 3.07
12546, 32383, 3.27
5430, 32366, 3.73
7356, 32361, 3.33
4956, 32344, 3.94
6034, 32323, 2.7
11277, 32309, 3.82
13847, 32247, 4.03
14601, 32245, 3.97
5589, 32218, 3.08
17762, 32110, 3.65
3875, 32097, 3.99
13488, 32045, 3.68
13856, 32031, 4.03
273, 32027, 3.36
16698, 31935, 3.81
2192, 31933, 3.8
12172, 31925, 3.53
13809, 31859, 3.36
14664, 31853, 3.85
9144, 31743, 4.08
872, 31691, 4.2
14233, 31671, 3.52
7055, 31610, 3.48
8966, 31593, 3.44
789, 31537, 3.79
6050, 31534, 3.55
10986, 31462, 3.27
5836, 31432, 3.2
3824, 31413, 3.53
3197, 31408, 3.23
15421, 31389, 3.97
4080, 31372, 3.42
8447, 31248, 4.45
14039, 31147, 3.82
6266, 31132, 3.48
2734, 31058, 3.29
16532, 31039, 3.68
14698, 31004, 3.28
12365, 30973, 3.57
4389, 30958, 3.38
6240, 30831, 3.91
15578, 30806, 3.56
15671, 30799, 3.45
896, 30593, 3.43
14203, 30593, 3.08
4384, 30580, 3.56
13342, 30546, 3.22
12838, 30435, 3.96
11673, 30417, 3.49
3198, 30335, 3.3
17513, 30277, 3.5
2252, 30245, 3.63
13466, 30195, 2.95
7701, 30165, 3.82
111, 30127, 3.08
3017, 30113, 3.71
15057, 30070, 3.86
3541, 30059, 3.81
8099, 30046, 3.16
3626, 29943, 3.49
413, 29909, 3.41
6221, 29904, 3.86
6119, 29820, 2.99
12974, 29791, 3.69
3165, 29762, 3.58
1877, 29753, 3.91
5191, 29721, 3.12
15997, 29620, 4.02
17004, 29559, 3.62
4364, 29537, 3.69
2001, 29488, 3.31
7184, 29450, 3.68
8928, 29392, 3.18
17321, 29372, 3.89
8339, 29356, 3.78
2360, 29225, 4.1
8635, 29223, 3.19
11090, 29171, 3.7
17381, 29114, 3.97
14918, 29104, 3.43
17293, 29046, 2.97
2690, 28955, 3.85
295, 28954, 3.31
13056, 28950, 3.3
12014, 28929, 3.13
12221, 28895, 3.83
6336, 28891, 3.52
3256, 28857, 3.14
3085, 28801, 2.94
15110, 28769, 3.47
12186, 28759, 3.76
5727, 28679, 3.6
5237, 28640, 3.24
10428, 28612, 3.64
5778, 28610, 3.68
12818, 28577, 3.59
13128, 28572, 3.71
3817, 28557, 3.86
10835, 28544, 3.34
8619, 28511, 3.32
10363, 28468, 3.51
528, 28454, 2.98
4932, 28448, 3.55
12530, 28444, 4.42
14407, 28411, 3.7
11886, 28395, 3.51
15465, 28389, 3.23
4862, 28370, 3.83
2554, 28346, 3.52
13955, 28300, 3.29
12694, 28260, 3.44
14978, 28239, 3.99
15424, 28129, 3.41
2495, 28079, 3.0
4341, 28076, 3.39
8512, 27977, 3.48
15129, 27916, 4.01
9508, 27895, 3.08
16303, 27772, 3.48
6223, 27760, 3.47
11638, 27692, 3.64
1918, 27667, 3.13
15496, 27661, 3.65
15078, 27648, 3.52
494, 27601, 4.0
14702, 27479, 3.95
1700, 27449, 3.58
2015, 27445, 3.79
5287, 27398, 3.76
13501, 27362, 3.39
257, 27357, 3.91
10739, 27308, 3.44
16325, 27259, 3.56
9298, 27256, 3.44
7381, 27168, 3.15
15182, 27165, 3.19
13827, 27149, 3.27
2443, 27140, 3.97
3466, 27140, 3.3
4392, 27127, 3.86
6339, 27125, 3.71
12570, 27101, 3.29
330, 27038, 3.46
10372, 27010, 4.01
11544, 27010, 3.47
3893, 26961, 3.52
11186, 26945, 3.57
11271, 26944, 4.08
12513, 26927, 3.55
2016, 26926, 3.79
17589, 26899, 2.97
13418, 26894, 3.33
2890, 26831, 4.07
13433, 26774, 3.36
13058, 26741, 3.69
720, 26718, 3.84
10231, 26662, 3.73
5137, 26631, 3.73
6337, 26620, 3.21
13519, 26602, 2.72
13840, 26599, 3.6
7991, 26586, 3.15
12843, 26553, 3.61
17002, 26542, 3.68
11446, 26532, 3.76
5087, 26501, 3.68
4520, 26500, 3.68
9614, 26487, 3.66
5448, 26473, 3.21
6268, 26457, 2.92
2675, 26444, 2.5
3611, 26407, 3.21
7989, 26359, 4.03
7179, 26265, 3.99
6599, 26237, 3.54
3274, 26224, 3.72
15532, 26208, 3.39
14507, 26202, 3.3
6911, 26187, 3.43
16158, 26167, 3.72
3161, 26154, 3.09
10734, 26116, 3.84
11647, 26093, 3.39
17424, 26061, 4.01
1682, 25961, 3.69
10080, 25954, 4.43
9433, 25905, 4.05
8818, 25873, 3.52
14759, 25857, 3.45
12792, 25844, 3.91
14056, 25833, 3.96
14755, 25815, 2.7
15064, 25807, 3.8
11612, 25797, 3.52
14317, 25727, 2.95
1861, 25712, 3.08
16150, 25676, 3.85
6673, 25635, 2.98
4149, 25581, 3.37
13007, 25568, 3.88
11658, 25535, 3.1
4739, 25465, 3.55
10596, 25403, 3.15
6133, 25385, 3.58
6195, 25352, 3.19
10491, 25343, 3.91
17319, 25298, 3.82
442, 25292, 3.93
14646, 25265, 3.33
4778, 25247, 3.48
7483, 25247, 3.71
4660, 25232, 3.4
10230, 25184, 3.36
11132, 25184, 3.29
9156, 25181, 3.63
15956, 25154, 3.54
7494, 25151, 3.65
6687, 25115, 3.06
5071, 25111, 3.67
851, 25100, 3.89
15662, 25037, 3.99
14192, 25011, 3.37
11134, 24999, 3.68
6736, 24893, 3.8
13629, 24889, 3.91
1367, 24880, 3.6
4109, 24852, 3.26
14476, 24840, 3.23
311, 24835, 3.58
10114, 24831, 3.11
15429, 24805, 3.94
7048, 24777, 3.26
14855, 24736, 3.62
17053, 24735, 3.01
16977, 24715, 3.09
6243, 24659, 3.51
12600, 24659, 3.74
1314, 24605, 3.8
5528, 24508, 3.68
14602, 24506, 3.72
12508, 24477, 3.73
1770, 24446, 3.89
17008, 24428, 3.43
6398, 24420, 3.16
7643, 24410, 3.91
3489, 24407, 3.66
10886, 24393, 2.84
15712, 24389, 3.23
17541, 24389, 3.44
252, 24387, 3.39
3098, 24275, 3.19
12206, 24262, 4.07
14480, 24225, 3.4
6908, 24190, 3.32
746, 24127, 3.53
223, 24125, 4.21
15689, 24118, 4.01
1467, 24089, 3.71
13555, 24002, 2.85
15440, 23997, 3.73
16203, 23978, 3.29
10620, 23973, 4.06
4479, 23884, 3.74
15449, 23877, 3.46
8524, 23792, 3.98
9381, 23772, 3.81
17085, 23767, 4.48
7145, 23764, 3.6
12015, 23730, 3.31
13207, 23728, 3.91
11051, 23719, 3.83
10162, 23711, 3.99
937, 23691, 3.72
5414, 23646, 4.06
13771, 23620, 3.39
7517, 23614, 3.5
473, 23602, 4.03
6255, 23566, 2.99
6596, 23485, 3.22
5309, 23374, 4.15
5656, 23342, 3.71
3355, 23329, 3.56
10421, 23298, 2.93
4546, 23270, 3.39
5730, 23257, 3.25
16302, 23254, 4.48
6362, 23190, 3.6
3617, 23174, 3.14
9788, 23174, 3.53
10894, 23165, 3.07
5946, 23163, 3.55
8086, 23130, 3.21
4884, 23103, 4.09
9940, 23084, 3.55
9160, 23062, 3.54
5050, 22979, 4.09
15733, 22973, 3.63
3350, 22914, 2.99
11805, 22909, 2.74
7208, 22906, 3.52
9003, 22890, 3.48
3522, 22851, 3.03
1901, 22848, 3.64
2851, 22819, 3.52
6437, 22803, 2.85
8370, 22799, 3.6
1645, 22793, 3.23
12560, 22751, 3.85
6642, 22747, 3.93
10899, 22719, 3.51
13098, 22688, 3.02
12633, 22659, 3.56
4761, 22625, 3.32
11242, 22564, 3.78
8669, 22529, 3.62
12301, 22505, 3.36
2172, 22498, 4.4
2153, 22447, 3.28
6281, 22417, 3.75
2866, 22415, 3.44
13251, 22369, 3.8
12195, 22359, 3.82
2139, 22332, 3.53
5025, 22316, 3.82
10461, 22294, 3.81
4874, 22226, 3.53
16992, 22211, 3.67
3015, 22198, 2.91
148, 22194, 3.3
10889, 22173, 3.47
17302, 22170, 3.63
13865, 22129, 3.5
9110, 22119, 3.53
1890, 22098, 3.74
9032, 22091, 3.37
16760, 22087, 3.32
17537, 22067, 3.41
6721, 22034, 3.15
9613, 22009, 3.15
10673, 22001, 3.3
7987, 21940, 3.17
7534, 21928, 3.57
2779, 21926, 2.72
10229, 21926, 3.07
10773, 21918, 3.49
11882, 21893, 3.97
16306, 21891, 3.85
14827, 21873, 3.59
10255, 21867, 3.95
15366, 21865, 3.69
5522, 21861, 3.37
15816, 21844, 3.57
13073, 21838, 4.17
8826, 21787, 3.39
14531, 21750, 3.45
8803, 21739, 3.55
5922, 21701, 3.86
15099, 21683, 2.93
15385, 21678, 3.75
2809, 21635, 3.57
7173, 21626, 3.64
8292, 21603, 4.1
11400, 21591, 3.48
17023, 21585, 3.37
15450, 21567, 3.42
15674, 21537, 3.5
269, 21467, 3.76
10981, 21425, 3.47
12834, 21385, 4.53
14642, 21376, 3.91
2938, 21367, 4.15
1585, 21359, 3.35
12904, 21346, 3.9
13675, 21341, 3.39
14355, 21320, 2.97
9741, 21304, 3.4
9458, 21292, 3.53
962, 21284, 3.09
3239, 21273, 4.05
4089, 21257, 3.4
8483, 21227, 2.93
3078, 21218, 4.13
13511, 21199, 3.72
8438, 21197, 4.23
1833, 21143, 2.91
16068, 21063, 3.61
16930, 21059, 3.06
11662, 21043, 4.53
3058, 21001, 3.8
4870, 20999, 3.35
15813, 20972, 3.08
7294, 20927, 3.49
14776, 20910, 3.93
15373, 20872, 3.3
9662, 20854, 3.78
6978, 20846, 2.93
4260, 20845, 3.31
11234, 20836, 3.78
3728, 20835, 3.52
3890, 20807, 2.94
660, 20801, 3.78
1020, 20762, 4.29
1138, 20758, 2.94
6574, 20751, 3.43
17221, 20751, 2.56
17299, 20742, 3.64
15307, 20727, 4.16
4740, 20722, 3.31
4570, 20703, 3.35
9598, 20694, 3.84
1974, 20689, 3.97
2348, 20680, 3.64
12748, 20663, 3.62
11613, 20655, 3.69
3113, 20649, 3.2
16767, 20639, 3.68
2389, 20629, 3.85
2371, 20596, 4.06
17449, 20579, 3.83
7613, 20569, 3.5
11376, 20543, 3.0
16459, 20490, 3.15
1902, 20487, 3.43
14391, 20484, 3.52
12676, 20463, 3.94
353, 20460, 3.25
15234, 20445, 3.07
11903, 20442, 4.04
8784, 20409, 3.63
17281, 20409, 2.93
11171, 20407, 2.94
17207, 20372, 3.58
11388, 20353, 3.56
11904, 20337, 4.05
8627, 20331, 3.74
14250, 20329, 3.57
7757, 20308, 3.53
3900, 20281, 3.95
3894, 20251, 3.03
12102, 20222, 3.61
9235, 20214, 3.47
3715, 20208, 3.39
14963, 20191, 3.63
516, 20181, 3.78
16538, 20169, 3.38
7716, 20161, 3.44
15894, 20160, 3.5
4841, 20144, 2.86
9757, 20127, 3.68
13930, 20119, 3.55
3364, 20095, 3.75
5391, 20079, 3.56
5545, 20077, 3.28
8171, 20065, 3.48
14457, 20059, 3.67
9043, 20058, 3.47
187, 20049, 3.01
1709, 20036, 3.67
9798, 20019, 3.51
7160, 20013, 3.79
5897, 20011, 3.07
2783, 20010, 3.34
9565, 19981, 3.6
1027, 19960, 3.43
3168, 19948, 3.72
2803, 19885, 4.34
15955, 19878, 3.49
3689, 19867, 3.48
9279, 19834, 3.32
3670, 19799, 3.1
7163, 19779, 3.46
11032, 19760, 3.15
2400, 19754, 2.73
11166, 19750, 3.63
5692, 19749, 2.98
10446, 19689, 3.78
9120, 19669, 3.89
2456, 19620, 3.98
7237, 19617, 3.9
7713, 19599, 3.6
10808, 19586, 3.86
2780, 19579, 3.57
831, 19563, 3.2
10809, 19557, 3.44
2680, 19536, 3.22
17346, 19530, 3.79
13451, 19490, 3.69
14439, 19465, 3.82
9125, 19459, 3.4
9048, 19431, 3.66
11911, 19430, 3.68
5704, 19421, 3.58
1148, 19401, 3.85
7696, 19394, 3.89
4736, 19377, 3.73
3128, 19363, 3.59
12243, 19359, 3.16
6007, 19358, 4.33
862, 19351, 3.5
8177, 19335, 3.59
6708, 19303, 3.44
3414, 19274, 3.54
6556, 19261, 3.52
5895, 19246, 3.45
7683, 19244, 4.21
118, 19240, 3.43
2012, 19237, 3.38
2942, 19236, 4.27
7563, 19158, 3.28
12160, 19157, 3.27
14403, 19148, 3.73
15807, 19143, 3.98
8883, 19131, 3.86
7755, 19104, 3.92
13787, 19091, 3.51
1661, 19085, 3.54
8717, 19073, 3.96
2136, 19061, 3.27
10392, 19051, 3.21
12224, 19046, 3.33
108, 19018, 3.17
7544, 19001, 3.16
6190, 18992, 3.7
9208, 18969, 3.92
11427, 18962, 3.76
5243, 18905, 3.37
14734, 18905, 3.51
9368, 18889, 3.45
10282, 18882, 2.74
12246, 18828, 3.79
17358, 18801, 3.26
7826, 18777, 3.35
10729, 18771, 3.95
10747, 18753, 3.67
14533, 18752, 4.27
83, 18724, 3.73
8525, 18708, 3.27
8603, 18706, 3.62
16047, 18685, 3.73
7852, 18613, 2.64
17533, 18597, 3.76
8535, 18593, 4.44
3267, 18569, 3.6
17671, 18566, 3.8
1578, 18542, 3.2
8976, 18525, 3.95
16002, 18516, 3.55
13512, 18480, 3.8
9950, 18476, 3.47
940, 18464, 3.68
5837, 18459, 4.32
1637, 18446, 3.52
2577, 18445, 3.57
5882, 18440, 3.34
17251, 18433, 3.15
16587, 18413, 4.52
3071, 18410, 3.62
10236, 18394, 3.44
7780, 18340, 4.14
7158, 18316, 4.26
989, 18298, 3.05
8753, 18286, 3.84
14873, 18275, 3.68
1435, 18258, 4.09
8204, 18258, 4.06
14402, 18239, 3.01
11405, 18218, 3.1
15777, 18217, 4.26
17057, 18199, 3.65
11199, 18189, 3.31
3222, 18182, 3.51
10598, 18147, 4.37
1425, 18126, 3.7
8357, 18109, 3.46
12003, 18056, 3.64
5562, 18040, 3.74
9242, 17986, 3.91
6670, 17973, 3.25
3840, 17959, 3.26
5708, 17922, 3.26
16788, 17921, 3.43
14467, 17897, 2.44
17064, 17869, 3.49
17558, 17868, 3.44
16222, 17823, 3.54
7336, 17816, 3.7
3153, 17785, 3.98
12891, 17783, 4.47
3265, 17779, 3.48
11717, 17760, 3.16
12430, 17757, 3.5
5421, 17745, 3.73
9913, 17727, 3.59
14889, 17712, 3.11
1035, 17696, 3.49
1983, 17691, 3.34
2751, 17673, 3.44
5104, 17661, 3.33
17195, 17644, 3.54
3434, 17467, 3.25
9132, 17466, 3.5
3680, 17452, 3.54
12661, 17447, 3.4
3312, 17432, 3.14
17499, 17425, 3.89
58, 17405, 3.61
2848, 17401, 4.02
5121, 17335, 3.03
9236, 17307, 4.12
6661, 17306, 3.53
5103, 17292, 4.54
13293, 17288, 3.42
9074, 17257, 3.67
13883, 17254, 3.82
12862, 17232, 3.18
9509, 17224, 3.54
15445, 17205, 3.48
6068, 17160, 3.3
11378, 17123, 4.01
13423, 17122, 3.57
7632, 17112, 2.41
1595, 17111, 3.98
9330, 17107, 4.01
5227, 17104, 3.09
16644, 17045, 3.96
11875, 17044, 3.56
8677, 17034, 3.89
2162, 17013, 4.4
13526, 16968, 3.58
5843, 16917, 3.94
4753, 16907, 2.52
4171, 16890, 3.01
8754, 16890, 3.47
4801, 16872, 3.09
759, 16856, 3.2
16891, 16839, 3.6
14822, 16829, 3.62
11141, 16823, 3.69
3544, 16814, 3.83
5607, 16811, 3.45
7600, 16795, 3.79
2376, 16771, 3.2
16516, 16762, 3.13
3742, 16723, 4.01
10627, 16711, 3.58
14131, 16702, 3.13
2254, 16694, 3.03
14858, 16691, 3.81
10274, 16685, 3.29
1495, 16683, 4.34
15163, 16664, 3.69
2163, 16635, 2.98
5084, 16635, 3.49
14144, 16628, 3.65
13389, 16613, 3.57
7406, 16606, 3.61
7895, 16556, 3.52
13378, 16553, 3.9
11451, 16499, 3.85
5020, 16474, 2.82
4284, 16470, 4.1
10872, 16463, 3.17
6122, 16456, 3.16
15843, 16438, 3.26
16784, 16419, 3.82
9625, 16392, 4.0
5621, 16376, 3.35
14970, 16363, 3.19
10143, 16337, 3.83
8384, 16330, 2.95
13977, 16318, 3.98
17398, 16317, 3.01
11702, 16300, 3.51
15769, 16296, 3.97
3920, 16293, 3.0
7607, 16223, 3.17
3347, 16199, 3.24
11325, 16198, 3.47
5250, 16177, 3.5
9438, 16172, 3.56
5875, 16131, 3.63
10418, 16117, 4.25
7555, 16113, 3.81
10082, 16097, 2.67
2755, 16093, 3.69
11219, 16054, 3.67
3253, 16038, 3.32
12763, 16025, 3.59
1482, 15992, 3.25
16363, 15988, 4.22
3326, 15966, 3.19
5187, 15950, 3.67
5033, 15941, 3.26
2519, 15915, 3.56
7642, 15911, 3.96
10276, 15892, 4.03
14737, 15885, 3.16
13216, 15876, 3.34
5854, 15872, 3.96
15545, 15859, 3.57
4420, 15835, 3.2
1803, 15828, 3.48
8872, 15806, 3.32
9909, 15796, 4.33
7742, 15794, 4.43
819, 15786, 3.14
4269, 15769, 2.92
7545, 15739, 3.36
17426, 15714, 3.75
16118, 15705, 3.17
9234, 15704, 3.21
2072, 15702, 2.98
17179, 15671, 3.37
6508, 15649, 3.36
17361, 15641, 2.97
5967, 15637, 3.37
9946, 15547, 3.92
17672, 15531, 3.74
13087, 15524, 3.26
3046, 15469, 4.39
2329, 15432, 3.69
4831, 15411, 3.35
3954, 15403, 3.91
3478, 15392, 3.73
17176, 15390, 3.75
8019, 15381, 3.76
14624, 15381, 3.65
2905, 15360, 3.52
14916, 15305, 2.65
9900, 15246, 3.07
2212, 15234, 3.87
11907, 15218, 3.69
14968, 15216, 3.75
15114, 15208, 3.79
7112, 15202, 3.69
7166, 15194, 4.08
501, 15179, 3.8
3285, 15174, 3.83
10013, 15174, 3.28
17136, 15171, 3.31
11356, 15168, 3.14
15037, 15131, 3.95
4418, 15119, 3.38
10240, 15117, 3.03
12075, 15096, 3.92
6219, 15089, 3.65
11775, 15081, 3.32
10662, 15070, 3.98
13486, 15057, 3.4
3972, 15028, 3.47
7827, 15002, 3.64
5151, 14995, 3.81
4652, 14966, 3.43
8078, 14941, 3.4
8, 14910, 3.19
5075, 14904, 3.99
11227, 14904, 3.66
4586, 14888, 3.38
15700, 14888, 3.79
16572, 14883, 3.07
7706, 14874, 3.85
10371, 14870, 3.63
5549, 14823, 4.27
551, 14822, 3.28
9681, 14816, 3.56
11669, 14799, 3.29
3942, 14763, 2.88
711, 14759, 3.61
6352, 14749, 3.37
9929, 14718, 4.08
8584, 14717, 3.49
12309, 14705, 3.12
9232, 14685, 2.96
11214, 14680, 3.49
2173, 14675, 3.41
16606, 14674, 3.47
15422, 14672, 3.52
686, 14669, 3.07
4686, 14661, 3.08
8149, 14651, 2.99
3216, 14626, 3.71
5665, 14620, 3.46
13542, 14619, 3.68
14016, 14615, 3.28
16052, 14588, 3.77
11038, 14554, 3.84
6693, 14533, 3.9
15474, 14529, 3.1
13115, 14523, 3.53
1295, 14500, 3.71
5292, 14427, 4.39
11084, 14416, 3.83
4157, 14401, 3.36
818, 14384, 3.47
17574, 14343, 3.6
16361, 14339, 3.71
15246, 14336, 3.53
8232, 14324, 3.55
10424, 14307, 3.77
16083, 14300, 4.11
9785, 14288, 3.27
8526, 14280, 3.86
14118, 14257, 3.04
1370, 14252, 3.79
2920, 14240, 3.53
5845, 14225, 3.9
3551, 14207, 3.76
16037, 14204, 3.37
11789, 14200, 3.6
1884, 14157, 3.18
1050, 14149, 3.74
189, 14137, 3.35
424, 14120, 3.56
4849, 14107, 3.64
12096, 14093, 3.23
8744, 14083, 4.0
4912, 14078, 4.0
15730, 14045, 3.25
723, 14038, 2.99
9621, 14033, 3.16
285, 14008, 3.33
8131, 14005, 3.71
6886, 13973, 2.96
7899, 13966, 2.94
7875, 13924, 3.14
12668, 13916, 3.8
16994, 13910, 4.01
5190, 13896, 3.66
5004, 13893, 3.87
5156, 13881, 3.97
6080, 13881, 2.85
4100, 13874, 3.55
12662, 13868, 3.04
13663, 13834, 4.32
16859, 13828, 3.23
15975, 13827, 3.84
10044, 13822, 3.57
7363, 13812, 3.13
15861, 13812, 4.45
13398, 13797, 3.7
14852, 13790, 3.56
615, 13788, 3.5
9841, 13754, 2.82
3879, 13749, 3.95
10920, 13746, 3.8
2955, 13745, 3.8
14342, 13745, 3.72
636, 13719, 3.5
17412, 13709, 4.01
9395, 13707, 3.72
9116, 13705, 3.58
11191, 13703, 4.28
3182, 13683, 3.33
8682, 13674, 3.94
7633, 13659, 3.48
6073, 13653, 3.29
14241, 13641, 3.85
11639, 13611, 3.13
77, 13598, 2.85
15748, 13541, 3.12
7647, 13539, 3.56
10433, 13525, 4.0
6771, 13515, 3.24
9204, 13501, 3.66
13437, 13499, 3.82
16344, 13494, 3.07
17100, 13490, 2.95
12940, 13482, 3.17
13860, 13478, 3.22
17472, 13471, 3.75
2174, 13430, 3.58
7841, 13429, 3.66
8428, 13398, 3.6
12002, 13360, 3.51
3926, 13359, 2.54
6988, 13357, 3.32
3612, 13352, 3.94
6961, 13352, 3.27
6158, 13330, 3.65
1632, 13289, 3.09
17180, 13279, 3.31
7401, 13266, 3.29
8429, 13266, 3.15
994, 13253, 3.22
15361, 13215, 3.52
14112, 13213, 3.73
11732, 13206, 3.42
2771, 13205, 3.56
16495, 13176, 3.8
12028, 13172, 3.59
10337, 13154, 3.08
12191, 13152, 2.97
8960, 13151, 3.72
17152, 13139, 3.31
7009, 13125, 3.1
15181, 13078, 3.33
10176, 13073, 3.25
13784, 13065, 3.77
8197, 13053, 4.12
1394, 13046, 2.93
10561, 13043, 3.75
2532, 13013, 4.15
2340, 13000, 2.94
3535, 12989, 3.25
11110, 12989, 3.12
8117, 12982, 3.78
16952, 12978, 3.46
4271, 12950, 3.53
9635, 12939, 3.53
12591, 12939, 3.44
2757, 12926, 3.54
8468, 12921, 4.47
5651, 12918, 3.13
17697, 12918, 3.04
16660, 12914, 3.77
2813, 12907, 3.58
16491, 12904, 4.01
9859, 12901, 2.92
4355, 12882, 2.69
5255, 12877, 3.14
14187, 12841, 3.93
7424, 12832, 4.05
4949, 12821, 3.16
305, 12820, 3.62
12931, 12818, 3.48
17303, 12807, 2.84
6850, 12774, 3.44
7239, 12773, 3.99
7739, 12750, 2.9
348, 12739, 3.41
9240, 12717, 3.39
8243, 12715, 2.79
15530, 12711, 3.84
11222, 12699, 4.0
1175, 12683, 3.44
2422, 12667, 2.87
4751, 12667, 3.58
16281, 12666, 3.78
4824, 12650, 3.56
8046, 12648, 3.77
12639, 12604, 3.71
11218, 12594, 3.59
13091, 12568, 3.54
15034, 12565, 3.19
16183, 12558, 3.81
8163, 12553, 3.48
7589, 12527, 3.75
2965, 12502, 3.79
14525, 12489, 3.92
17452, 12461, 3.1
4612, 12453, 3.09
6983, 12442, 3.36
17292, 12442, 3.88
367, 12437, 3.14
13798, 12430, 4.07
6960, 12426, 3.72
1693, 12425, 3.0
3787, 12424, 3.3
12149, 12410, 2.52
5738, 12409, 4.38
17259, 12406, 3.84
10088, 12392, 3.87
16278, 12369, 4.22
5390, 12363, 3.03
897, 12356, 3.28
5625, 12298, 3.2
13695, 12296, 2.96
9525, 12295, 3.62
15549, 12288, 3.37
1854, 12286, 3.18
256, 12264, 3.44
2167, 12261, 3.8
12054, 12236, 3.02
5333, 12227, 3.45
14477, 12220, 3.39
8020, 12217, 3.58
2135, 12210, 3.62
14898, 12207, 3.14
8507, 12187, 3.56
15473, 12185, 3.24
4353, 12148, 4.34
13413, 12138, 3.93
9542, 12136, 3.35
2314, 12113, 3.56
11994, 12088, 3.95
14815, 12078, 3.95
13853, 12077, 3.0
10666, 12014, 3.98
11926, 12013, 3.76
1408, 11994, 3.37
4210, 11955, 3.04
17565, 11952, 2.92
8049, 11945, 2.93
11931, 11943, 3.93
17307, 11933, 4.5
12902, 11931, 3.17
763, 11917, 3.49
16742, 11917, 2.87
12741, 11909, 3.12
10109, 11899, 2.93
393, 11893, 3.32
6735, 11876, 3.45
12896, 11868, 3.46
996, 11858, 4.03
10828, 11858, 3.67
3903, 11853, 3.71
3437, 11848, 3.75
1096, 11847, 3.31
5809, 11835, 3.67
1476, 11829, 4.47
12811, 11828, 4.24
629, 11816, 3.57
3526, 11810, 3.27
17682, 11809, 4.3
11630, 11806, 3.44
7631, 11796, 3.54
8993, 11789, 4.08
8808, 11786, 3.37
10159, 11779, 3.89
10664, 11740, 3.69
17188, 11738, 3.82
10036, 11736, 3.83
5518, 11716, 3.83
10712, 11702, 3.35
12671, 11700, 3.96
10420, 11693, 3.67
6343, 11667, 3.22
14137, 11665, 2.97
7922, 11650, 3.76
11910, 11643, 2.84
1939, 11634, 3.45
2775, 11620, 3.29
12913, 11611, 3.45
13584, 11607, 3.55
7127, 11599, 3.68
8118, 11556, 3.15
811, 11548, 2.98
5544, 11535, 3.41
3275, 11534, 2.86
16233, 11530, 3.69
13963, 11528, 2.76
12359, 11526, 3.38
5092, 11522, 4.38
5710, 11515, 3.18
97, 11508, 3.87
5010, 11503, 3.26
15875, 11495, 3.43
6014, 11491, 3.23
12999, 11489, 4.25
1599, 11478, 3.56
14134, 11477, 3.82
14593, 11464, 3.58
11004, 11462, 3.39
15657, 11461, 3.65
11307, 11460, 3.65
16567, 11455, 3.92
12774, 11448, 3.62
10854, 11436, 4.15
662, 11409, 3.59
13031, 11403, 4.01
843, 11401, 3.71
17467, 11400, 3.8
10226, 11390, 3.24
1256, 11385, 4.35
11468, 11380, 3.5
12539, 11357, 3.31
10695, 11356, 3.11
4248, 11346, 3.45
8277, 11345, 3.58
1582, 11341, 3.56
15609, 11334, 4.36
5257, 11333, 2.84
5667, 11322, 2.89
2460, 11297, 3.31
10119, 11276, 3.43
11985, 11272, 3.3
10277, 11269, 3.92
3269, 11262, 4.01
416, 11256, 2.99
17133, 11242, 3.6
8637, 11238, 3.76
15158, 11236, 2.91
5955, 11221, 3.87
1707, 11218, 3.8
11005, 11205, 3.41
16006, 11184, 4.39
14363, 11182, 3.89
900, 11177, 3.93
15800, 11176, 3.62
7019, 11175, 3.25
10612, 11169, 3.88
8405, 11155, 3.31
5519, 11142, 4.32
12292, 11131, 3.82
16869, 11131, 3.46
8382, 11095, 4.03
9023, 11092, 3.95
859, 11076, 3.46
17343, 11067, 3.5
1746, 11039, 3.41
908, 11038, 4.19
10426, 11034, 4.01
6523, 11026, 3.4
10126, 11021, 3.71
6110, 11012, 3.66
5516, 11009, 3.61
3960, 11005, 3.64
1518, 10988, 3.59
3309, 10969, 3.04
4219, 10942, 3.9
9518, 10934, 2.46
11080, 10932, 3.09
11256, 10927, 2.81
7324, 10903, 2.79
3814, 10894, 3.2
17187, 10891, 4.1
3310, 10880, 3.53
8586, 10880, 3.91
13107, 10864, 3.79
13602, 10850, 3.89
17494, 10850, 3.53
563, 10846, 3.5
12347, 10845, 2.95
919, 10834, 3.23
564, 10825, 3.2
12667, 10819, 3.62
1925, 10803, 3.46
10055, 10795, 3.36
12549, 10793, 3.25
6697, 10791, 3.65
4877, 10782, 4.36
12011, 10778, 3.71
13774, 10776, 2.88
2114, 10772, 4.45
4881, 10772, 3.64
10982, 10770, 4.11
11829, 10757, 3.54
12188, 10749, 3.46
11722, 10740, 3.6
18, 10722, 3.78
4752, 10690, 3.63
7695, 10689, 4.26
9080, 10686, 2.97
8105, 10684, 3.45
8014, 10674, 3.23
12937, 10674, 4.34
15627, 10672, 3.73
12986, 10671, 3.59
11909, 10667, 3.43
9229, 10663, 3.52
6302, 10625, 3.03
12798, 10617, 2.97
9037, 10612, 3.49
17395, 10612, 3.39
1969, 10606, 3.99
1741, 10605, 3.91
275, 10603, 3.63
10778, 10588, 4.3
10996, 10588, 3.2
2640, 10585, 3.6
16724, 10561, 3.9
5646, 10558, 3.84
4876, 10552, 3.36
7125, 10552, 3.45
6868, 10545, 3.36
9991, 10520, 3.46
15177, 10515, 3.19
17335, 10510, 3.87
6500, 10509, 3.69
3225, 10501, 3.28
4790, 10488, 3.63
4127, 10487, 2.44
11254, 10475, 2.83
3725, 10470, 3.55
9702, 10445, 3.82
9241, 10441, 3.54
13100, 10439, 3.98
8325, 10437, 3.17
12580, 10429, 3.42
10105, 10428, 3.51
2284, 10422, 2.88
14829, 10403, 3.33
15677, 10389, 3.38
13941, 10385, 3.6
14283, 10379, 4.31
5957, 10377, 2.98
8545, 10371, 3.59
14738, 10368, 3.19