28, 39752, 3.82
30, 118413, 3.76
58, 17405, 3.61
83, 18724, 3.73
108, 19018, 3.17
111, 30127, 3.08
118, 19240, 3.43
143, 38362, 3.85
148, 22194, 3.3
175, 90450, 4.0
187, 20049, 3.01
191, 98720, 3.93
197, 81260, 3.48
199, 35509, 3.89
223, 24125, 4.21
241, 43122, 4.16
252, 24387, 3.39
257, 27357, 3.91
269, 21467, 3.76
270, 36431, 4.29
273, 32027, 3.36
290, 47651, 3.58
295, 28954, 3.31
299, 76944, 3.71
311, 24835, 3.58
312, 65477, 3.71
313, 99812, 3.69
329, 66266, 3.59
330, 27038, 3.46
331, 47167, 3.62
334, 39875, 3.56
353, 20460, 3.25
357, 77314, 3.51
361, 35849, 3.64
406, 48617, 3.76
413, 29909, 3.41
442, 25292, 3.93
443, 36515, 3.97
457, 116762, 3.87
468, 60415, 3.52
473, 23602, 4.03
482, 56504, 3.79
483, 90010, 3.45
494, 27601, 4.0
516, 20181, 3.78
528, 28454, 2.98
550, 33797, 3.46
571, 154832, 3.96
607, 100248, 3.54
658, 44001, 3.63
660, 20801, 3.78
692, 32828, 3.51
705, 38680, 3.64
708, 72381, 3.39
720, 26718, 3.84
746, 24127, 3.53
758, 104362, 3.51
759, 16856, 3.2
788, 58527, 3.76
789, 31537, 3.79
798, 81278, 3.89
831, 19563, 3.2
851, 25100, 3.89
862, 19351, 3.5
872, 31691, 4.2
886, 108606, 4.19
896, 30593, 3.43
937, 23691, 3.72
940, 18464, 3.68
962, 21284, 3.09
963, 37310, 3.89
985, 89999, 3.63
989, 18298, 3.05
1020, 20762, 4.29
1027, 19960, 3.43
1035, 17696, 3.49
1046, 40744, 3.37
1066, 34941, 3.76
1073, 59518, 4.07
1102, 73337, 3.57
1110, 98700, 4.07
1138, 20758, 2.94
1144, 79845, 3.96
1145, 140154, 3.18
1148, 19401, 3.85
1174, 35537, 3.96
1180, 108771, 3.97
1202, 78878, 3.77
1220, 134241, 4.01
1255, 39037, 3.91
1267, 42113, 3.12
1289, 32832, 2.76
1305, 35026, 3.35
1307, 121207, 3.31
1314, 24605, 3.8
1324, 45620, 4.04
1367, 24880, 3.6
1406, 74076, 3.41
1425, 18126, 3.7
1428, 113674, 3.54
1435, 18258, 4.09
1466, 41355, 3.74
1467, 24089, 3.71
1470, 98696, 3.78
1495, 16683, 4.34
1509, 40153, 3.55
1542, 114997, 3.76
1561, 61019, 3.48
1571, 40841, 3.83
1578, 18542, 3.2
1585, 21359, 3.35
1590, 42933, 3.93
1595, 17111, 3.98
1615, 59137, 3.81
1625, 43518, 4.14
1637, 18446, 3.52
1642, 38378, 4.03
1645, 22793, 3.23
1650, 52470, 3.49
1659, 42046, 3.68
1661, 19085, 3.54
1682, 25961, 3.69
1700, 27449, 3.58
1703, 48190, 3.83
1709, 20036, 3.67
1719, 58364, 3.08
1744, 73004, 3.82
1754, 65363, 3.99
1770, 24446, 3.89
1798, 113377, 3.97
1799, 62809, 3.66
1810, 56918, 3.7
1832, 32769, 3.6
1833, 21143, 2.91
1843, 48004, 3.22
1861, 25712, 3.08
1865, 110159, 3.7
1877, 29753, 3.91
1890, 22098, 3.74
1901, 22848, 3.64
1902, 20487, 3.43
1905, 193941, 4.15
1918, 27667, 3.13
1962, 145519, 3.75
1974, 20689, 3.97
1975, 55740, 2.86
1983, 17691, 3.34
2000, 38056, 3.68
2001, 29488, 3.31
2009, 41437, 3.38
2012, 19237, 3.38
2015, 27445, 3.79
2016, 26926, 3.79
2095, 87389, 3.56
2112, 87622, 3.52
2122, 105697, 3.69
2128, 45069, 3.9
2136, 19061, 3.27
2139, 22332, 3.53
2152, 162597, 3.43
2153, 22447, 3.28
2162, 17013, 4.4
2163, 16635, 2.98
2171, 33708, 3.75
2172, 22498, 4.4
2178, 39722, 3.94
2186, 61174, 3.72
2192, 31933, 3.8
2200, 78980, 3.02
2209, 50202, 3.75
2252, 30245, 3.63
2254, 16694, 3.03
2290, 51856, 4.18
2342, 89865, 3.86
2348, 20680, 3.64
2360, 29225, 4.1
2371, 20596, 4.06
2372, 137170, 3.91
2376, 16771, 3.2
2389, 20629, 3.85
2391, 101188, 3.3
2395, 42843, 3.46
2400, 19754, 2.73
2430, 48496, 4.11
2443, 27140, 3.97
2452, 149866, 4.43
2456, 19620, 3.98
2457, 34898, 3.63
2462, 50196, 3.69
2465, 54193, 3.87
2470, 54617, 3.57
2495, 28079, 3.0
2499, 36030, 3.05
2554, 28346, 3.52
2577, 18445, 3.57
2578, 41703, 3.73
2580, 80136, 3.55
2594, 37066, 3.15
2612, 87139, 3.41
2617, 51948, 3.08
2660, 80295, 4.03
2675, 26444, 2.5
2680, 19536, 3.22
2690, 28955, 3.85
2699, 50353, 3.44
2734, 31058, 3.29
2743, 60787, 4.12
2751, 17673, 3.44
2755, 16093, 3.69
2779, 21926, 2.72
2780, 19579, 3.57
2782, 135601, 4.29
2783, 20010, 3.34
2800, 65700, 3.48
2803, 19885, 4.34
2809, 21635, 3.57
2848, 17401, 4.02
2851, 22819, 3.52
2862, 128446, 4.31
2866, 22415, 3.44
2874, 83849, 3.55
2890, 26831, 4.07
2913, 107443, 3.99
2922, 40024, 3.7
2938, 21367, 4.15
2942, 19236, 4.27
2953, 47811, 3.66
2960, 35686, 2.74
2992, 44295, 3.65
3015, 22198, 2.91
3017, 30113, 3.71
3058, 21001, 3.8
3071, 18410, 3.62
3078, 21218, 4.13
3079, 67575, 4.2
3085, 28801, 2.94
3098, 24275, 3.19
3106, 135431, 3.65
3113, 20649, 3.2
3128, 19363, 3.59
3138, 42727, 3.55
3148, 36263, 3.47
3151, 116362, 3.4
3153, 17785, 3.98
3161, 26154, 3.09
3165, 29762, 3.58
3168, 19948, 3.72
3197, 31408, 3.23
3198, 30335, 3.3
3222, 18182, 3.51
3239, 21273, 4.05
3253, 16038, 3.32
3254, 62628, 2.98
3256, 28857, 3.14
3265, 17779, 3.48
3267, 18569, 3.6
3274, 26224, 3.72
3282, 117270, 3.43
3290, 71614, 4.4
3312, 17432, 3.14
3315, 32866, 4.03
3320, 73795, 3.59
3333, 89714, 3.26
3347, 16199, 3.24
3350, 22914, 2.99
3355, 23329, 3.56
3364, 20095, 3.75
3368, 78213, 3.53
3371, 75140, 3.91
3385, 52315, 3.33
3414, 19274, 3.54
3418, 43421, 3.27
3427, 136850, 3.33
3433, 58149, 3.39
3434, 17467, 3.25
3446, 35127, 4.17
3463, 46978, 3.74
3466, 27140, 3.3
3489, 24407, 3.66
3522, 22851, 3.03
3538, 60471, 3.69
3541, 30059, 3.81
3544, 16814, 3.83
3579, 35457, 3.32
3605, 74829, 4.17
3610, 75148, 3.81
3611, 26407, 3.21
3617, 23174, 3.14
3624, 139428, 3.95
3626, 29943, 3.49
3638, 83680, 3.53
3648, 39858, 3.64
3650, 36741, 3.81
3670, 19799, 3.1
3680, 17452, 3.54
3684, 42540, 3.85
3689, 19867, 3.48
3713, 49969, 3.63
3715, 20208, 3.39
3728, 20835, 3.52
3730, 40191, 3.95
3742, 16723, 4.01
3756, 93241, 3.06
3782, 51622, 3.36
3798, 38514, 4.16
3817, 28557, 3.86
3824, 31413, 3.53
3825, 104632, 3.45
3840, 17959, 3.26
3860, 160454, 3.43
3864, 54922, 4.24
3875, 32097, 3.99
3890, 20807, 2.94
3893, 26961, 3.52
3894, 20251, 3.03
3900, 20281, 3.95
3905, 62457, 3.62
3917, 97939, 3.69
3920, 16293, 3.0
3925, 106807, 3.51
3936, 40767, 3.05
3938, 153996, 4.14
3962, 140979, 4.42
3966, 42223, 3.66
4043, 90591, 3.5
4056, 52025, 2.99
4080, 31372, 3.42
4089, 21257, 3.4
4109, 24852, 3.26
4123, 121769, 3.45
4135, 33354, 3.87
4141, 45636, 3.54
4149, 25581, 3.37
4159, 33723, 3.36
4171, 16890, 3.01
4216, 46150, 3.22
4227, 52388, 3.67
4256, 40201, 3.65
4260, 20845, 3.31
4262, 48877, 3.55
4266, 85050, 3.75
4284, 16470, 4.1
4302, 55605, 3.85
4306, 151292, 4.33
4315, 56213, 3.47
4330, 63042, 3.64
4341, 28076, 3.39
4345, 90387, 3.78
4356, 106020, 3.67
4364, 29537, 3.69
4369, 35095, 3.29
4384, 30580, 3.56
4389, 30958, 3.38
4392, 27127, 3.86
4393, 38659, 3.4
4402, 41028, 3.35
4432, 156183, 3.76
4472, 101118, 3.69
4479, 23884, 3.74
4488, 33175, 3.55
4506, 33731, 3.92
4520, 26500, 3.68
4545, 70799, 3.94
4546, 23270, 3.39
4570, 20703, 3.35
4577, 106291, 3.86
4590, 78719, 3.34
4633, 41850, 4.15
4640, 122158, 4.13
4656, 130782, 3.81
4660, 25232, 3.4
4661, 51392, 3.25
4670, 58624, 2.86
4683, 48149, 3.28
4697, 42872, 3.96
4698, 57766, 3.34
4705, 58536, 3.51
4727, 41128, 4.14
4736, 19377, 3.73
4739, 25465, 3.55
4740, 20722, 3.31
4745, 114327, 3.21
4753, 16907, 2.52
4761, 22625, 3.32
4778, 25247, 3.48
4801, 16872, 3.09
4805, 35416, 3.85
4829, 35846, 3.75
4833, 35349, 3.15
4841, 20144, 2.86
4847, 49636, 4.06
4862, 28370, 3.83
4870, 20999, 3.35
4874, 22226, 3.53
4883, 54974, 3.28
4884, 23103, 4.09
4906, 33227, 3.4
4914, 38289, 3.13
4931, 41679, 2.81
4932, 28448, 3.55
4951, 102754, 3.74
4956, 32344, 3.94
4972, 97491, 3.37
4977, 35088, 3.57
4996, 151847, 3.48
5020, 16474, 2.82
5025, 22316, 3.82
5050, 22979, 4.09
5054, 103652, 3.53
5055, 35335, 3.51
5056, 35183, 3.23
5069, 41595, 3.74
5071, 25111, 3.67
5084, 16635, 3.49
5085, 113084, 3.97
5087, 26501, 3.68
5103, 17292, 4.54
5104, 17661, 3.33
5112, 75824, 3.51
5121, 17335, 3.03
5137, 26631, 3.73
5154, 63666, 3.41
5169, 52939, 3.82
5181, 96602, 3.58
5191, 29721, 3.12
5223, 40950, 3.51
5226, 65185, 3.76
5227, 17104, 3.09
5237, 28640, 3.24
5239, 53163, 3.72
5243, 18905, 3.37
5250, 16177, 3.5
5287, 27398, 3.76
5293, 89348, 3.94
5309, 23374, 4.15
5317, 232944, 3.36
5318, 78584, 3.6
5320, 35643, 3.29
5327, 46673, 3.62
5345, 89080, 3.58
5360, 33906, 3.99
5363, 44761, 3.37
5391, 20079, 3.56
5401, 122795, 3.37
5414, 23646, 4.06
5421, 17745, 3.73
5430, 32366, 3.73
5434, 34079, 3.0
5448, 26473, 3.21
5472, 75801, 3.54
5477, 33401, 3.26
5496, 155714, 3.72
5515, 57954, 4.12
5522, 21861, 3.37
5528, 24508, 3.68
5538, 43630, 3.92
5545, 20077, 3.28
5561, 42100, 4.14
5562, 18040, 3.74
5571, 76698, 3.77
5582, 92470, 4.54
5589, 32218, 3.08
5601, 36600, 3.86
5607, 16811, 3.45
5614, 79325, 3.78
5621, 16376, 3.35
5628, 65317, 3.16
5656, 23342, 3.71
5692, 19749, 2.98
5695, 65630, 3.14
5704, 19421, 3.58
5708, 17922, 3.26
5727, 28679, 3.6
5730, 23257, 3.25
5732, 90408, 4.28
5760, 38571, 4.44
5762, 61093, 3.84
5775, 54444, 3.77
5778, 28610, 3.68
5787, 56451, 3.94
5788, 56102, 4.02
5793, 52848, 3.56
5807, 80836, 3.55
5814, 74466, 2.99
5836, 31432, 3.2
5837, 18459, 4.32
5843, 16917, 3.94
5862, 127318, 3.85
5875, 16131, 3.63
5882, 18440, 3.34
5895, 19246, 3.45
5897, 20011, 3.07
5922, 21701, 3.86
5924, 68818, 3.85
5926, 121669, 4.03
5939, 97112, 3.48
5946, 23163, 3.55
5991, 56147, 3.6
5997, 36526, 3.67
6007, 19358, 4.33
6029, 85299, 4.12
6030, 69249, 3.86
6034, 32323, 2.7
6037, 158601, 3.97
6042, 100298, 3.04
6050, 31534, 3.55
6060, 32479, 3.07
6068, 17160, 3.3
6099, 84590, 3.98
6117, 37361, 3.99
6119, 29820, 2.99
6122, 16456, 3.16
6133, 25385, 3.58
6134, 132237, 3.68
6166, 36490, 3.96
6190, 18992, 3.7
6195, 25352, 3.19
6196, 96778, 3.96
6205, 63307, 4.1
6206, 143697, 3.75
6221, 29904, 3.86
6223, 27760, 3.47
6231, 42773, 3.44
6235, 36054, 3.82
6240, 30831, 3.91
6243, 24659, 3.51
6255, 23566, 2.99
6266, 31132, 3.48
6268, 26457, 2.92
6274, 83249, 4.09
6281, 22417, 3.75
6287, 193295, 3.91
6329, 79630, 3.76
6336, 28891, 3.52
6337, 26620, 3.21
6339, 27125, 3.71
6347, 61059, 2.99
6350, 77021, 3.64
6362, 23190, 3.6
6366, 50638, 3.53
6386, 148146, 3.21
6398, 24420, 3.16
6408, 82949, 3.85
6428, 64555, 4.29
6437, 22803, 2.85
6445, 38613, 4.12
6449, 46533, 3.38
6450, 43325, 4.1
6464, 55964, 3.4
6475, 100112, 3.56
6482, 56160, 3.36
6497, 80345, 3.23
6510, 72379, 3.94
6552, 50975, 3.13
6555, 61695, 3.26
6556, 19261, 3.52
6574, 20751, 3.43
6596, 23485, 3.22
6599, 26237, 3.54
6615, 61274, 3.86
6631, 50982, 3.08
6642, 22747, 3.93
6661, 17306, 3.53
6670, 17973, 3.25
6673, 25635, 2.98
6687, 25115, 3.06
6692, 125479, 3.38
6702, 34810, 3.57
6708, 19303, 3.44
6716, 34997, 3.42
6720, 77597, 3.86
6721, 22034, 3.15
6736, 24893, 3.8
6739, 57941, 4.24
6760, 55428, 3.3
6797, 95472, 4.05
6829, 86619, 3.62
6833, 59968, 3.77
6844, 116716, 3.25
6859, 101500, 3.51
6860, 49116, 3.78
6874, 35538, 3.44
6902, 36855, 3.74
6908, 24190, 3.32
6911, 26187, 3.43
6931, 88310, 3.31
6971, 126816, 4.07
6972, 171991, 3.58
6974, 108343, 4.37
6978, 20846, 2.93
6989, 44183, 3.33
6994, 51091, 3.57
7032, 62963, 3.35
7040, 54797, 3.28
7048, 24777, 3.26
7055, 31610, 3.48
7057, 74912, 4.7
7067, 42457, 2.89
7145, 23764, 3.6
7155, 58567, 3.72
7158, 18316, 4.26
7160, 20013, 3.79
7163, 19779, 3.46
7173, 21626, 3.64
7179, 26265, 3.99
7184, 29450, 3.68
7193, 88687, 4.3
7208, 22906, 3.52
7219, 45456, 4.03
7230, 73422, 4.72
7233, 81219, 4.17
7234, 151031, 3.81
7237, 19617, 3.9
7240, 76705, 3.34
7249, 35694, 2.86
7281, 93391, 3.32
7294, 20927, 3.49
7330, 48260, 3.76
7331, 87939, 3.28
7336, 17816, 3.7
7356, 32361, 3.33
7364, 73029, 3.82
7381, 27168, 3.15
7397, 68615, 3.67
7399, 62296, 3.57
7406, 16606, 3.61
7416, 54347, 4.13
7430, 34591, 4.33
7483, 25247, 3.71
7494, 25151, 3.65
7509, 73852, 3.39
7511, 73645, 3.64
7513, 44941, 3.84
7517, 23614, 3.5
7521, 45843, 3.18
7523, 35230, 3.85
7534, 21928, 3.57
7544, 19001, 3.16
7555, 16113, 3.81
7563, 19158, 3.28
7586, 38778, 4.12
7590, 49456, 3.72
7600, 16795, 3.79
7607, 16223, 3.17
7613, 20569, 3.5
7617, 141442, 3.7
7624, 152085, 3.83
7627, 51048, 2.95
7632, 17112, 2.41
7635, 107083, 2.93
7643, 24410, 3.91
7683, 19244, 4.21
7696, 19394, 3.89
7701, 30165, 3.82
7713, 19599, 3.6
7716, 20161, 3.44
7745, 98116, 4.08
7755, 19104, 3.92
7757, 20308, 3.53
7767, 80122, 3.91
7779, 42875, 3.71
7780, 18340, 4.14
7786, 42307, 3.97
7826, 18777, 3.35
7828, 43354, 3.5
7852, 18613, 2.64
7879, 36258, 3.59
7882, 33518, 3.3
7895, 16556, 3.52
7904, 67795, 2.9
7928, 45682, 3.94
7937, 69056, 3.79
7971, 54124, 3.29
7987, 21940, 3.17
7989, 26359, 4.03
7991, 26586, 3.15
8016, 43979, 2.88
8045, 35750, 3.67
8079, 61353, 3.71
8086, 23130, 3.21
8099, 30046, 3.16
8107, 43381, 3.85
8116, 35062, 4.47
8159, 50665, 3.72
8171, 20065, 3.48
8177, 19335, 3.59
8181, 82906, 3.26
8204, 18258, 4.06
8292, 21603, 4.1
8295, 40704, 3.73
8301, 37367, 3.14
8317, 43748, 3.76
8327, 87056, 4.28
8333, 41485, 2.99
8334, 39764, 3.65
8339, 29356, 3.78
8357, 18109, 3.46
8370, 22799, 3.6
8376, 51871, 3.41
8379, 47639, 3.77
8384, 16330, 2.95
8387, 118880, 3.59
8393, 89799, 3.76
8413, 39983, 3.43
8438, 21197, 4.23
8447, 31248, 4.45
8467, 42633, 3.4
8483, 21227, 2.93
8512, 27977, 3.48
8524, 23792, 3.98
8525, 18708, 3.27
8531, 33599, 3.96
8535, 18593, 4.44
8585, 35505, 3.65
8596, 99324, 4.13
8603, 18706, 3.62
8619, 28511, 3.32
8627, 20331, 3.74
8635, 29223, 3.19
8636, 80519, 3.27
8644, 141073, 3.79
8651, 35955, 3.39
8669, 22529, 3.62
8677, 17034, 3.89
8687, 92671, 3.55
8717, 19073, 3.96
8743, 82849, 3.85
8753, 18286, 3.84
8754, 16890, 3.47
8764, 91369, 3.86
8782, 147251, 3.28
8784, 20409, 3.63
8803, 21739, 3.55
8806, 42691, 4.03
8809, 36519, 3.44
8818, 25873, 3.52
8826, 21787, 3.39
8832, 61758, 4.02
8840, 57033, 3.96
8846, 62547, 3.58
8851, 38628, 3.81
8881, 32685, 3.39
8883, 19131, 3.86
8904, 120697, 4.16
8915, 72833, 4.0
8928, 29392, 3.18
8954, 53786, 3.77
8966, 31593, 3.44
8976, 18525, 3.95
8981, 39220, 3.13
8989, 37267, 3.56
9003, 22890, 3.48
9032, 22091, 3.37
9043, 20058, 3.47
9048, 19431, 3.66
9049, 71639, 3.62
9051, 78795, 3.86
9054, 39031, 3.39
9074, 17257, 3.67
9110, 22119, 3.53
9111, 74779, 3.87
9120, 19669, 3.89
9125, 19459, 3.4
9132, 17466, 3.5
9144, 31743, 4.08
9156, 25181, 3.63
9160, 23062, 3.54
9170, 40251, 3.47
9188, 79062, 3.24
9189, 62604, 3.89
9205, 65933, 3.32
9208, 18969, 3.92
9235, 20214, 3.47
9236, 17307, 4.12
9242, 17986, 3.91
9254, 72884, 4.01
9265, 32960, 3.44
9279, 19834, 3.32
9298, 27256, 3.44
9330, 17107, 4.01
9340, 173596, 3.4
9368, 18889, 3.45
9378, 36237, 3.89
9381, 23772, 3.81
9415, 36238, 3.38
9426, 64175, 3.99
9433, 25905, 4.05
9438, 16172, 3.56
9442, 51262, 3.56
9458, 21292, 3.53
9471, 109385, 3.69
9481, 38279, 3.69
9508, 27895, 3.08
9509, 17224, 3.54
9528, 35109, 4.17
9565, 19981, 3.6
9591, 53799, 3.51
9592, 92691, 3.87
9593, 36775, 3.81
9598, 20694, 3.84
9613, 22009, 3.15
9614, 26487, 3.66
9617, 100340, 3.52
9625, 16392, 4.0
9628, 88846, 4.46
9645, 79918, 3.36
9662, 20854, 3.78
9685, 47504, 3.24
9689, 35713, 3.97
9728, 89892, 3.89
9741, 21304, 3.4
9756, 132358, 3.29
9757, 20127, 3.68
9768, 60544, 3.51
9788, 23174, 3.53
9798, 20019, 3.51
9800, 57375, 3.25
9818, 64065, 3.94
9828, 56004, 3.86
9863, 41664, 3.14
9882, 66395, 3.83
9886, 71143, 3.6
9913, 17727, 3.59
9939, 48775, 3.43
9940, 23084, 3.55
9950, 18476, 3.47
9960, 108528, 4.02
10027, 37880, 3.83
10042, 118212, 4.5
10078, 47904, 3.22
10080, 25954, 4.43
10082, 16097, 2.67
10114, 24831, 3.11
10123, 85669, 3.26
10143, 16337, 3.83
10152, 32533, 3.79
10158, 45142, 3.59
10162, 23711, 3.99
10168, 111946, 3.04
10170, 90245, 3.49
10212, 41544, 3.67
10225, 63219, 3.83
10229, 21926, 3.07
10230, 25184, 3.36
10231, 26662, 3.73
10236, 18394, 3.44
10241, 33382, 3.46
10255, 21867, 3.95
10274, 16685, 3.29
10275, 51483, 3.58
10282, 18882, 2.74
10344, 37819, 3.41
10358, 109917, 3.18
10359, 107111, 3.29
10363, 28468, 3.51
10372, 27010, 4.01
10375, 81596, 3.57
10378, 92555, 3.7
10379, 37896, 3.59
10392, 19051, 3.21
10418, 16117, 4.25
10421, 23298, 2.93
10428, 28612, 3.64
10429, 41780, 3.43
10436, 44885, 3.4
10446, 19689, 3.78
10451, 75242, 3.74
10461, 22294, 3.81
10491, 25343, 3.91
10550, 115585, 3.72
10583, 116609, 3.55
10596, 25403, 3.15
10598, 18147, 4.37
10607, 64917, 4.01
10620, 23973, 4.06
10625, 61447, 3.36
10627, 16711, 3.58
10673, 22001, 3.3
10729, 18771, 3.95
10730, 99910, 3.36
10734, 26116, 3.84
10739, 27308, 3.44
10747, 18753, 3.67
10759, 33041, 2.6
10773, 21918, 3.49
10774, 81100, 3.89
10785, 60425, 3.62
10808, 19586, 3.86
10809, 19557, 3.44
10820, 80941, 4.12
10832, 58837, 3.94
10835, 28544, 3.34
10872, 16463, 3.17
10886, 24393, 2.84
10889, 22173, 3.47
10894, 23165, 3.07
10899, 22719, 3.51
10906, 71555, 3.5
10921, 50321, 3.08
10928, 70452, 3.37
10947, 133457, 4.31
10981, 21425, 3.47
10986, 31462, 3.27
11013, 34205, 3.04
11022, 103105, 3.59
11032, 19760, 3.15
11040, 101779, 3.96
11047, 34304, 3.6
11051, 23719, 3.83
11064, 152078, 4.09
11077, 107345, 3.6
11089, 130243, 4.28
11090, 29171, 3.7
11132, 25184, 3.29
11134, 24999, 3.68
11139, 38198, 3.43
11141, 16823, 3.69
11149, 125878, 3.15
11152, 70341, 4.19
11164, 39515, 4.24
11165, 57445, 3.8
11166, 19750, 3.63
11171, 20407, 2.94
11173, 64281, 3.38
11182, 105861, 3.55
11186, 26945, 3.57
11198, 54144, 3.79
11199, 18189, 3.31
11209, 52125, 3.72
11219, 16054, 3.67
11234, 20836, 3.78
11242, 22564, 3.78
11265, 71441, 3.57
11271, 26944, 4.08
11277, 32309, 3.82
11279, 64590, 3.73
11283, 181508, 4.3
11314, 107094, 3.53
11315, 50411, 3.77
11323, 43744, 3.33
11325, 16198, 3.47
11337, 116767, 3.74
11376, 20543, 3.0
11378, 17123, 4.01
11388, 20353, 3.56
11398, 62906, 3.81
11400, 21591, 3.48
11405, 18218, 3.1
11427, 18962, 3.76
11443, 111411, 4.05
11446, 26532, 3.76
11451, 16499, 3.85
11490, 89911, 3.73
11521, 151245, 4.46
11544, 27010, 3.47
11573, 33056, 4.16
11607, 92345, 4.31
11612, 25797, 3.52
11613, 20655, 3.69
11638, 27692, 3.64
11647, 26093, 3.39
11658, 25535, 3.1
11662, 21043, 4.53
11663, 54845, 3.49
11673, 30417, 3.49
11677, 139158, 3.35
11696, 36824, 3.54
11701, 36991, 3.7
11702, 16300, 3.51
11717, 17760, 3.16
11745, 41346, 3.27
11771, 33097, 3.07
11781, 103431, 4.15
11805, 22909, 2.74
11812, 102861, 4.16
11837, 88067, 3.25
11859, 35367, 3.77
11875, 17044, 3.56
11882, 21893, 3.97
11886, 28395, 3.51
11888, 51611, 3.79
11903, 20442, 4.04
11904, 20337, 4.05
11911, 19430, 3.68
11999, 34618, 3.22
12003, 18056, 3.64
12014, 28929, 3.13
12015, 23730, 3.31
12034, 81127, 4.06
12047, 78304, 3.35
12052, 44384, 3.95
12056, 41166, 3.47
12071, 33900, 3.71
12074, 73353, 4.05
12084, 101042, 3.35
12090, 49565, 3.43
12092, 38392, 2.83
12102, 20222, 3.61
12140, 40829, 3.73
12155, 136461, 3.91
12160, 19157, 3.27
12161, 121761, 3.69
12172, 31925, 3.53
12184, 33727, 4.33
12186, 28759, 3.76
12195, 22359, 3.82
12206, 24262, 4.07
12221, 28895, 3.83
12224, 19046, 3.33
12232, 152406, 3.37
12238, 37015, 3.14
12243, 19359, 3.16
12244, 58059, 3.11
12246, 18828, 3.79
12280, 40411, 3.8
12293, 106327, 4.5
12299, 104800, 3.65
12301, 22505, 3.36
12305, 54794, 3.79
12317, 164792, 3.77
12338, 94041, 4.19
12343, 90675, 3.53
12355, 55610, 2.96
12365, 30973, 3.57
12399, 32644, 3.55
12430, 17757, 3.5
12435, 81930, 3.88
12470, 177556, 3.41
12471, 33791, 3.35
12473, 41061, 3.93
12476, 53993, 3.46
12493, 46509, 3.68
12494, 79557, 3.52
12497, 37921, 3.39
12500, 48419, 3.69
12501, 42743, 3.87
12508, 24477, 3.73
12513, 26927, 3.55
12530, 28444, 4.42
12546, 32383, 3.27
12560, 22751, 3.85
12570, 27101, 3.29
12582, 143682, 3.86
12600, 24659, 3.74
12605, 67311, 4.06
12633, 22659, 3.56
12661, 17447, 3.4
12672, 139247, 3.63
12675, 38615, 3.78
12676, 20463, 3.94
12690, 51736, 3.8
12694, 28260, 3.44
12732, 100556, 3.68
12748, 20663, 3.62
12763, 16025, 3.59
12778, 49835, 3.7
12785, 99304, 3.89
12792, 25844, 3.91
12799, 38225, 3.48
12818, 28577, 3.59
12828, 39688, 3.42
12834, 21385, 4.53
12838, 30435, 3.96
12843, 26553, 3.61
12862, 17232, 3.18
12870, 101141, 4.46
12881, 62955, 3.37
12890, 37825, 3.59
12891, 17783, 4.47
12904, 21346, 3.9
12911, 147661, 3.64
12918, 135449, 3.79
12966, 108354, 3.54
12974, 29791, 3.69
13007, 25568, 3.88
13015, 37821, 3.91
13050, 147313, 3.36
13052, 60861, 3.84
13056, 28950, 3.3
13058, 26741, 3.69
13073, 21838, 4.17
13074, 34013, 3.51
13081, 147236, 3.62
13082, 53759, 3.97
13098, 22688, 3.02
13102, 88733, 3.23
13128, 28572, 3.71
13129, 41754, 4.17
13195, 79889, 3.7
13207, 23728, 3.91
13217, 35852, 3.58
13251, 22369, 3.8
13255, 65074, 4.01
13273, 38518, 3.72
13293, 17288, 3.42
13298, 47077, 3.39
13302, 60889, 4.0
13318, 39215, 3.18
13342, 30546, 3.22
13359, 113717, 3.59
13378, 16553, 3.9
13384, 37884, 3.71
13389, 16613, 3.57
13391, 78944, 3.68
13392, 50850, 3.82
13402, 83564, 3.88
13412, 45166, 3.88
13418, 26894, 3.33
13423, 17122, 3.57
13433, 26774, 3.36
13439, 45883, 3.81
13451, 19490, 3.69
13462, 118884, 3.36
13466, 30195, 2.95
13471, 52957, 3.41
13488, 32045, 3.68
13493, 32971, 3.95
13501, 27362, 3.39
13511, 21199, 3.72
13512, 18480, 3.8
13519, 26602, 2.72
13524, 43427, 3.37
13526, 16968, 3.58
13534, 40776, 3.69
13555, 24002, 2.85
13580, 61039, 3.82
13582, 61694, 3.54
13593, 59047, 4.18
13614, 90320, 4.08
13622, 49419, 3.86
13629, 24889, 3.91
13636, 58272, 3.92
13651, 135013, 3.71
13673, 51306, 4.35
13675, 21341, 3.39
13705, 61575, 3.6
13728, 150592, 4.2
13748, 61249, 3.47
13763, 99460, 3.8
13771, 23620, 3.39
13787, 19091, 3.51
13795, 36021, 3.53
13809, 31859, 3.36
13827, 27149, 3.27
13840, 26599, 3.6
13847, 32247, 4.03
13856, 32031, 4.03
13865, 22129, 3.5
13883, 17254, 3.82
13887, 44482, 3.71
13923, 87658, 3.75
13930, 20119, 3.55
13955, 28300, 3.29
13959, 36790, 3.71
13977, 16318, 3.98
13981, 35747, 3.48
14039, 31147, 3.82
14042, 39508, 3.34
14047, 50244, 3.54
14050, 70467, 4.07
14056, 25833, 3.96
14103, 115990, 4.19
14109, 70176, 3.61
14131, 16702, 3.13
14144, 16628, 3.65
14149, 119653, 3.77
14185, 55444, 4.15
14192, 25011, 3.37
14198, 43019, 4.03
14203, 30593, 3.08
14209, 44178, 3.57
14215, 70712, 2.86
14218, 46239, 3.87
14233, 31671, 3.52
14240, 134284, 4.55
14250, 20329, 3.57
14274, 49038, 3.03
14280, 45963, 4.12
14296, 42885, 3.79
14302, 40581, 4.46
14312, 113838, 3.83
14313, 200832, 3.78
14317, 25727, 2.95
14355, 21320, 2.97
14358, 84651, 4.17
14364, 41401, 3.49
14367, 154348, 3.53
14382, 88120, 3.8
14391, 20484, 3.52
14402, 18239, 3.01
14403, 19148, 3.73
14407, 28411, 3.7
14410, 132142, 3.87
14439, 19465, 3.82
14454, 140564, 3.76
14457, 20059, 3.67
14459, 33304, 3.58
14467, 17897, 2.44
14476, 24840, 3.23
14480, 24225, 3.4
14482, 76475, 3.78
14484, 44489, 3.47
14507, 26202, 3.3
14527, 51228, 3.45
14531, 21750, 3.45
14533, 18752, 4.27
14538, 154640, 3.55
14545, 46584, 3.52
14550, 139660, 4.59
14574, 110438, 3.46
14584, 37492, 3.82
14590, 82374, 3.67
14601, 32245, 3.97
14602, 24506, 3.72
14606, 52175, 3.04
14618, 44434, 3.52
14621, 128493, 4.34
14642, 21376, 3.91
14644, 105045, 2.8
14646, 25265, 3.33
14660, 98765, 3.38
14664, 31853, 3.85
14667, 64742, 3.81
14670, 76601, 3.71
14691, 140763, 4.23
14698, 31004, 3.28
14702, 27479, 3.95
14712, 127073, 3.22
14718, 76453, 3.28
14725, 88183, 3.45
14734, 18905, 3.51
14755, 25815, 2.7
14759, 25857, 3.45
14776, 20910, 3.93
14780, 70269, 3.66
14822, 16829, 3.62
14827, 21873, 3.59
14855, 24736, 3.62
14856, 53163, 3.78
14858, 16691, 3.81
14869, 64161, 3.97
14873, 18275, 3.68
14889, 17712, 3.11
14890, 48112, 3.25
14909, 69665, 3.53
14918, 29104, 3.43
14928, 95335, 4.03
14940, 57428, 3.46
14953, 47080, 3.76
14960, 39257, 3.43
14961, 73335, 4.72
14963, 20191, 3.63
14970, 16363, 3.19
14978, 28239, 3.99
14999, 97165, 3.56
15048, 70370, 3.52
15057, 30070, 3.86
15058, 67860, 3.63
15062, 102576, 3.8
15063, 41968, 3.28
15064, 25807, 3.8
15070, 44240, 4.16
15078, 27648, 3.52
15084, 43111, 3.56
15099, 21683, 2.93
15105, 47601, 3.62
15107, 160326, 3.89
15110, 28769, 3.47
15116, 65884, 4.0
15124, 216596, 3.72
15129, 27916, 4.01
15151, 65948, 3.53
15156, 83437, 3.65
15163, 16664, 3.69
15182, 27165, 3.19
15205, 196397, 3.44
15209, 34797, 3.9
15233, 50870, 3.21
15234, 20445, 3.07
15296, 37514, 4.51
15307, 20727, 4.16
15339, 40364, 3.47
15342, 32489, 3.48
15345, 47048, 2.95
15366, 21865, 3.69
15373, 20872, 3.3
15381, 39427, 3.81
15385, 21678, 3.75
15393, 106211, 3.49
15394, 92294, 3.69
15409, 43710, 3.43
15421, 31389, 3.97
15424, 28129, 3.41
15425, 81316, 3.76
15429, 24805, 3.94
15436, 32659, 3.71
15440, 23997, 3.73
15445, 17205, 3.48
15449, 23877, 3.46
15450, 21567, 3.42
15465, 28389, 3.23
15471, 103074, 3.1
15472, 67967, 3.73
15496, 27661, 3.65
15531, 32981, 3.65
15532, 26208, 3.39
15540, 32696, 3.43
15563, 99009, 3.42
15578, 30806, 3.56
15582, 176539, 3.54
15646, 85716, 3.28
15662, 25037, 3.99
15671, 30799, 3.45
15674, 21537, 3.5
15689, 24118, 4.01
15702, 51915, 3.9
15712, 24389, 3.23
15715, 35873, 3.52
15733, 22973, 3.63
15755, 114043, 3.89
15758, 58576, 4.07
15764, 59352, 2.91
15769, 16296, 3.97
15777, 18217, 4.26
15788, 98002, 3.45
15807, 19143, 3.98
15813, 20972, 3.08
15815, 32508, 3.3
15816, 21844, 3.57
15818, 48940, 3.67
15843, 16438, 3.26
15844, 95095, 4.09
15853, 36484, 3.45
15887, 99686, 3.27
15894, 20160, 3.5
15902, 34484, 4.01
15919, 51344, 3.37
15922, 80207, 3.95
15952, 45039, 3.39
15953, 33823, 3.47
15955, 19878, 3.49
15956, 25154, 3.54
15997, 29620, 4.02
16002, 18516, 3.55
16008, 34199, 3.83
16016, 32546, 3.2
16047, 18685, 3.73
16063, 44877, 3.91
16068, 21063, 3.61
16075, 36342, 3.77
16082, 105518, 3.56
16113, 58832, 3.23
16128, 93202, 3.97
16139, 106285, 3.57
16147, 44178, 4.43
16150, 25676, 3.85
16158, 26167, 3.72
16169, 33757, 3.07
16181, 33658, 3.32
16201, 34846, 3.82
16203, 23978, 3.29
16222, 17823, 3.54
16223, 44171, 4.05
16236, 38137, 3.51
16242, 178068, 3.45
16262, 35662, 3.46
16265, 85184, 4.5
16272, 89654, 3.9
16286, 67177, 3.63
16302, 23254, 4.48
16303, 27772, 3.48
16306, 21891, 3.85
16325, 27259, 3.56
16339, 80349, 3.31
16343, 66577, 3.35
16357, 44880, 3.47
16377, 181426, 4.31
16380, 42495, 3.27
16384, 138193, 4.08
16390, 63731, 3.37
16406, 42116, 3.58
16415, 46697, 3.72
16438, 79741, 3.7
16452, 89784, 3.89
16459, 20490, 3.15
16465, 38402, 3.53
16469, 44239, 3.41
16499, 40461, 3.89
16516, 16762, 3.13
16522, 51459, 3.61
16532, 31039, 3.68
16538, 20169, 3.38
16552, 40295, 3.66
16565, 48577, 3.43
16587, 18413, 4.52
16596, 32666, 3.77
16604, 52160, 3.96
16605, 40724, 3.94
16640, 81881, 2.99
16644, 17045, 3.96
16668, 119812, 4.02
16698, 31935, 3.81
16703, 43104, 3.57
16707, 82444, 3.7
16711, 33880, 4.41
16721, 39355, 3.78
16740, 60612, 3.41
16760, 22087, 3.32
16765, 102031, 3.6
16767, 20639, 3.68
16784, 16419, 3.82
16788, 17921, 3.43
16792, 61087, 3.63
16793, 56893, 3.92
16825, 37793, 3.66
16872, 55322, 4.07
16879, 143668, 3.71
16882, 117314, 3.14
16891, 16839, 3.6
16901, 49009, 3.27
16912, 38386, 3.52
16922, 71951, 3.5
16930, 21059, 3.06
16948, 47055, 3.21
16954, 144320, 4.33
16969, 53892, 3.93
16977, 24715, 3.09
16984, 37995, 3.23
16992, 22211, 3.67
16997, 34420, 3.39
17002, 26542, 3.68
17004, 29559, 3.62
17008, 24428, 3.43
17023, 21585, 3.37
17031, 43471, 3.17
17053, 24735, 3.01
17057, 18199, 3.65
17064, 17869, 3.49
17085, 23767, 4.48
17088, 124158, 3.79
17129, 68419, 3.61
17134, 33920, 3.24
17149, 84794, 3.39
17154, 90472, 3.94
17157, 131175, 4.3
17169, 145540, 3.81
17174, 43454, 3.88
17189, 44916, 3.89
17195, 17644, 3.54
17207, 20372, 3.58
17215, 59078, 3.84
17221, 20751, 2.56
17251, 18433, 3.15
17281, 20409, 2.93
17293, 29046, 2.97
17295, 48415, 3.26
17299, 20742, 3.64
17302, 22170, 3.63
17308, 110363, 3.53
17319, 25298, 3.82
17321, 29372, 3.89
17324, 109610, 3.88
17328, 57423, 4.12
17330, 53937, 3.44
17339, 70959, 4.11
17346, 19530, 3.79
17355, 136919, 3.58
17358, 18801, 3.26
17381, 29114, 3.97
17387, 55443, 3.42
17398, 16317, 3.01
17405, 58563, 3.52
17424, 26061, 4.01
17431, 53365, 3.89
17441, 72543, 3.67
17449, 20579, 3.83
17474, 32952, 4.1
17479, 73266, 3.53
17482, 47152, 3.63
17499, 17425, 3.89
17506, 38115, 3.14
17508, 47078, 3.79
17513, 30277, 3.5
17526, 32781, 3.97
17533, 18597, 3.76
17537, 22067, 3.41
17541, 24389, 3.44
17558, 17868, 3.44
17560, 104031, 3.84
17580, 37408, 3.0
17589, 26899, 2.97
17621, 39002, 3.49
17622, 59296, 3.09
17627, 106238, 4.09
17671, 18566, 3.8
17692, 33752, 3.04
17703, 32676, 2.79
17709, 42942, 3.86
17762, 32110, 3.65
17764, 64957, 3.87
